# dQ/dU per-beam mean correction factors
# Generated  : 2026-08-01 00:13
# Source CSV : /Users/raj030/DATA/reffield-average/ref_ws-5815-spectra-from-gsm/leakage_master_table.csv
# Selection  : manifest indices 0–7, excl '24-29'
# SB_REFs    : 8 contributing observations
# Ref WS     : 5815  (weights.ref_ws, holography SB)
# Footprint  : square_6x6
# Centre Freq: 1272.5 MHz
# Pitch      : 0.9 deg
# Rotation   : 45.0 deg
# Pol Axis   : -45.0 deg (pa_fixed)
#
# Lookup usage:
#   grep 'REF_1324-28.*bpcal.*  12 ' dq_du_correction_factors.txt
#
# Columns:
#   field       reference field name
#   ref_ws      holography solution (weights.ref_ws); use as merge key when appending manifests
#   footprint   beam footprint name (from schedblock metadata)
#   freq_MHz    beamformer centre frequency (MHz)
#   pitch_deg   beam footprint pitch (degrees)
#   rot_deg     footprint rotation angle (degrees)
#   pol_deg     polarisation axis angle (degrees, pa_fixed)
#   variant     calibration variant  (bpcal | lcal)
#   beam        beam index  (0–35)
#   mean_dQ     mean signed dQ/I (%) across all SB_REF × ODC observations
#   std_dQ      standard deviation of dQ/I (%)
#   mean_dU     mean signed dU/I (%) across all SB_REF × ODC observations
#   std_dU      standard deviation of dU/I (%)
#   n_obs       number of (SB_REF, ODC) data rows for this beam
#
field                     ref_ws  footprint         freq_MHz  pitch_deg  rot_deg  pol_deg  variant   beam    mean_dQ    std_dQ    mean_dU    std_dU  n_obs
----------------------------------------------------------------------------------------------------------------------------------------------------------
REF_0236-28                 5815  square_6x6          1272.5     0.9000     45.0    -45.0  bpcal        0    +0.1037    0.0059    -0.0451    0.0005      2
REF_0236-28                 5815  square_6x6          1272.5     0.9000     45.0    -45.0  bpcal        1    +0.0933    0.0086    -0.0461    0.0011      2
REF_0236-28                 5815  square_6x6          1272.5     0.9000     45.0    -45.0  bpcal        2    +0.0935    0.0060    -0.0613    0.0007      2
REF_0236-28                 5815  square_6x6          1272.5     0.9000     45.0    -45.0  bpcal        3    +0.0909    0.0078    -0.0616    0.0018      2
REF_0236-28                 5815  square_6x6          1272.5     0.9000     45.0    -45.0  bpcal        4    +0.0939    0.0093    -0.2924    0.0004      2
REF_0236-28                 5815  square_6x6          1272.5     0.9000     45.0    -45.0  bpcal        5    +0.0833    0.0098    +0.0181    0.0013      2
REF_0236-28                 5815  square_6x6          1272.5     0.9000     45.0    -45.0  bpcal        6    +0.0825    0.0059    +0.3515    0.0016      2
REF_0236-28                 5815  square_6x6          1272.5     0.9000     45.0    -45.0  bpcal        7    +0.0953    0.0042    +0.1653    0.0004      2
REF_0236-28                 5815  square_6x6          1272.5     0.9000     45.0    -45.0  bpcal        8    +0.0953    0.0043    +0.3733    0.0042      2
REF_0236-28                 5815  square_6x6          1272.5     0.9000     45.0    -45.0  bpcal        9    +0.0952    0.0096    +0.0433    0.0014      2
REF_0236-28                 5815  square_6x6          1272.5     0.9000     45.0    -45.0  bpcal       10    +0.0933    0.0144    +0.0820    0.0032      2
REF_0236-28                 5815  square_6x6          1272.5     0.9000     45.0    -45.0  bpcal       11    +0.0945    0.0081    -0.1395    0.0052      2
REF_0236-28                 5815  square_6x6          1272.5     0.9000     45.0    -45.0  bpcal       12    +0.1076    0.0131    +0.1857    0.0012      2
REF_0236-28                 5815  square_6x6          1272.5     0.9000     45.0    -45.0  bpcal       13    +0.0975    0.0047    +0.2821    0.0018      2
REF_0236-28                 5815  square_6x6          1272.5     0.9000     45.0    -45.0  bpcal       14    +0.1023    0.0066    +0.4759    0.0033      2
REF_0236-28                 5815  square_6x6          1272.5     0.9000     45.0    -45.0  bpcal       15    +0.1076    0.0006    -0.0910    0.0011      2
REF_0236-28                 5815  square_6x6          1272.5     0.9000     45.0    -45.0  bpcal       16    +0.1164    0.0006    +0.3766    0.0013      2
REF_0236-28                 5815  square_6x6          1272.5     0.9000     45.0    -45.0  bpcal       17    +0.0960    0.0033    +1.0731    0.0012      2
REF_0236-28                 5815  square_6x6          1272.5     0.9000     45.0    -45.0  bpcal       18    +0.0955    0.0021    +0.1302    0.0040      2
REF_0236-28                 5815  square_6x6          1272.5     0.9000     45.0    -45.0  bpcal       19    +0.1007    0.0038    +0.0725    0.0011      2
REF_0236-28                 5815  square_6x6          1272.5     0.9000     45.0    -45.0  bpcal       20    +0.0961    0.0059    -0.5973    0.0040      2
REF_0236-28                 5815  square_6x6          1272.5     0.9000     45.0    -45.0  bpcal       21    +0.1397    0.0037    -0.3981    0.0004      2
REF_0236-28                 5815  square_6x6          1272.5     0.9000     45.0    -45.0  bpcal       22    +0.0965    0.0042    -0.4986    0.0018      2
REF_0236-28                 5815  square_6x6          1272.5     0.9000     45.0    -45.0  bpcal       23    +0.0949    0.0087    -0.1022    0.0057      2
REF_0236-28                 5815  square_6x6          1272.5     0.9000     45.0    -45.0  bpcal       24    +0.0824    0.0030    -0.1347    0.0061      2
REF_0236-28                 5815  square_6x6          1272.5     0.9000     45.0    -45.0  bpcal       25    +0.0880    0.0077    +1.2205    0.0016      2
REF_0236-28                 5815  square_6x6          1272.5     0.9000     45.0    -45.0  bpcal       26    +0.0965    0.0107    +0.7343    0.0004      2
REF_0236-28                 5815  square_6x6          1272.5     0.9000     45.0    -45.0  bpcal       27    +0.1083    0.0100    +1.2674    0.0019      2
REF_0236-28                 5815  square_6x6          1272.5     0.9000     45.0    -45.0  bpcal       28    +0.1074    0.0074    +0.9296    0.0040      2
REF_0236-28                 5815  square_6x6          1272.5     0.9000     45.0    -45.0  bpcal       29    +0.0972    0.0078    +0.4831    0.0008      2
REF_0236-28                 5815  square_6x6          1272.5     0.9000     45.0    -45.0  bpcal       30    +0.1012    0.0025    -0.5385    0.0045      2
REF_0236-28                 5815  square_6x6          1272.5     0.9000     45.0    -45.0  bpcal       31    +0.1371    0.0033    +0.1894    0.0001      2
REF_0236-28                 5815  square_6x6          1272.5     0.9000     45.0    -45.0  bpcal       32    +0.1367    0.0049    -0.3697    0.0000      2
REF_0236-28                 5815  square_6x6          1272.5     0.9000     45.0    -45.0  bpcal       33    +0.0930    0.0093    -0.3634    0.0013      2
REF_0236-28                 5815  square_6x6          1272.5     0.9000     45.0    -45.0  bpcal       34    +0.1043    0.0001    -0.0325    0.0002      2
REF_0236-28                 5815  square_6x6          1272.5     0.9000     45.0    -45.0  bpcal       35    +0.0795    0.0164    +1.5928    0.0012      2

REF_0236-28                 5815  square_6x6          1272.5     0.9000     45.0    -45.0  lcal         0    +0.1013    0.0093    +0.0008    0.0007      2
REF_0236-28                 5815  square_6x6          1272.5     0.9000     45.0    -45.0  lcal         1    +0.0934    0.0101    +0.0015    0.0001      2
REF_0236-28                 5815  square_6x6          1272.5     0.9000     45.0    -45.0  lcal         2    +0.0927    0.0086    +0.0014    0.0005      2
REF_0236-28                 5815  square_6x6          1272.5     0.9000     45.0    -45.0  lcal         3    +0.0912    0.0090    +0.0023    0.0001      2
REF_0236-28                 5815  square_6x6          1272.5     0.9000     45.0    -45.0  lcal         4    +0.0960    0.0129    -0.0011    0.0004      2
REF_0236-28                 5815  square_6x6          1272.5     0.9000     45.0    -45.0  lcal         5    +0.0827    0.0049    -0.0003    0.0005      2
REF_0236-28                 5815  square_6x6          1272.5     0.9000     45.0    -45.0  lcal         6    +0.0831    0.0023    +0.0023    0.0006      2
REF_0236-28                 5815  square_6x6          1272.5     0.9000     45.0    -45.0  lcal         7    +0.0970    0.0098    +0.0024    0.0004      2
REF_0236-28                 5815  square_6x6          1272.5     0.9000     45.0    -45.0  lcal         8    +0.0975    0.0090    +0.0023    0.0006      2
REF_0236-28                 5815  square_6x6          1272.5     0.9000     45.0    -45.0  lcal         9    +0.0994    0.0107    +0.0025    0.0006      2
REF_0236-28                 5815  square_6x6          1272.5     0.9000     45.0    -45.0  lcal        10    +0.0963    0.0098    +0.0026    0.0009      2
REF_0236-28                 5815  square_6x6          1272.5     0.9000     45.0    -45.0  lcal        11    +0.0976    0.0069    +0.0000    0.0007      2
REF_0236-28                 5815  square_6x6          1272.5     0.9000     45.0    -45.0  lcal        12    +0.1102    0.0146    -0.0010    0.0005      2
REF_0236-28                 5815  square_6x6          1272.5     0.9000     45.0    -45.0  lcal        13    +0.0988    0.0047    +0.0035    0.0004      2
REF_0236-28                 5815  square_6x6          1272.5     0.9000     45.0    -45.0  lcal        14    +0.1058    0.0078    +0.0035    0.0016      2
REF_0236-28                 5815  square_6x6          1272.5     0.9000     45.0    -45.0  lcal        15    +0.1082    0.0017    +0.0005    0.0001      2
REF_0236-28                 5815  square_6x6          1272.5     0.9000     45.0    -45.0  lcal        16    +0.1179    0.0006    -0.0013    0.0008      2
REF_0236-28                 5815  square_6x6          1272.5     0.9000     45.0    -45.0  lcal        17    +0.0980    0.0060    +0.0052    0.0001      2
REF_0236-28                 5815  square_6x6          1272.5     0.9000     45.0    -45.0  lcal        18    +0.0989    0.0044    +0.0016    0.0011      2
REF_0236-28                 5815  square_6x6          1272.5     0.9000     45.0    -45.0  lcal        19    +0.0998    0.0061    +0.0018    0.0000      2
REF_0236-28                 5815  square_6x6          1272.5     0.9000     45.0    -45.0  lcal        20    +0.0976    0.0105    -0.0012    0.0014      2
REF_0236-28                 5815  square_6x6          1272.5     0.9000     45.0    -45.0  lcal        21    +0.1397    0.0050    +0.0045    0.0003      2
REF_0236-28                 5815  square_6x6          1272.5     0.9000     45.0    -45.0  lcal        22    +0.0959    0.0064    -0.0015    0.0000      2
REF_0236-28                 5815  square_6x6          1272.5     0.9000     45.0    -45.0  lcal        23    +0.0966    0.0085    +0.0032    0.0001      2
REF_0236-28                 5815  square_6x6          1272.5     0.9000     45.0    -45.0  lcal        24    +0.0849    0.0001    +0.0015    0.0015      2
REF_0236-28                 5815  square_6x6          1272.5     0.9000     45.0    -45.0  lcal        25    +0.0856    0.0096    +0.0045    0.0004      2
REF_0236-28                 5815  square_6x6          1272.5     0.9000     45.0    -45.0  lcal        26    +0.0970    0.0141    +0.0030    0.0011      2
REF_0236-28                 5815  square_6x6          1272.5     0.9000     45.0    -45.0  lcal        27    +0.1091    0.0115    +0.0077    0.0004      2
REF_0236-28                 5815  square_6x6          1272.5     0.9000     45.0    -45.0  lcal        28    +0.1108    0.0105    +0.0102    0.0007      2
REF_0236-28                 5815  square_6x6          1272.5     0.9000     45.0    -45.0  lcal        29    +0.0987    0.0078    +0.0041    0.0001      2
REF_0236-28                 5815  square_6x6          1272.5     0.9000     45.0    -45.0  lcal        30    +0.0976    0.0065    +0.0006    0.0004      2
REF_0236-28                 5815  square_6x6          1272.5     0.9000     45.0    -45.0  lcal        31    +0.1404    0.0088    +0.0094    0.0013      2
REF_0236-28                 5815  square_6x6          1272.5     0.9000     45.0    -45.0  lcal        32    +0.1353    0.0130    +0.0036    0.0002      2
REF_0236-28                 5815  square_6x6          1272.5     0.9000     45.0    -45.0  lcal        33    +0.0964    0.0107    +0.0003    0.0012      2
REF_0236-28                 5815  square_6x6          1272.5     0.9000     45.0    -45.0  lcal        34    +0.1077    0.0007    +0.0016    0.0011      2
REF_0236-28                 5815  square_6x6          1272.5     0.9000     45.0    -45.0  lcal        35    +0.0839    0.0202    +0.0083    0.0016      2

REF_0324-28                 5815  square_6x6          1272.5     0.9000     45.0    -45.0  bpcal        0    +0.1104    0.0282    -0.0438    0.0044      2
REF_0324-28                 5815  square_6x6          1272.5     0.9000     45.0    -45.0  bpcal        1    +0.1532    0.0383    -0.0491    0.0007      2
REF_0324-28                 5815  square_6x6          1272.5     0.9000     45.0    -45.0  bpcal        2    +0.1551    0.0314    -0.0613    0.0031      2
REF_0324-28                 5815  square_6x6          1272.5     0.9000     45.0    -45.0  bpcal        3    +0.1493    0.0413    -0.0684    0.0011      2
REF_0324-28                 5815  square_6x6          1272.5     0.9000     45.0    -45.0  bpcal        4    +0.1447    0.0297    -0.2926    0.0011      2
REF_0324-28                 5815  square_6x6          1272.5     0.9000     45.0    -45.0  bpcal        5    +0.1342    0.0122    +0.0171    0.0018      2
REF_0324-28                 5815  square_6x6          1272.5     0.9000     45.0    -45.0  bpcal        6    +0.1308    0.0164    +0.3496    0.0033      2
REF_0324-28                 5815  square_6x6          1272.5     0.9000     45.0    -45.0  bpcal        7    +0.1402    0.0258    +0.1678    0.0049      2
REF_0324-28                 5815  square_6x6          1272.5     0.9000     45.0    -45.0  bpcal        8    +0.1492    0.0295    +0.3683    0.0018      2
REF_0324-28                 5815  square_6x6          1272.5     0.9000     45.0    -45.0  bpcal        9    +0.1451    0.0291    +0.0440    0.0025      2
REF_0324-28                 5815  square_6x6          1272.5     0.9000     45.0    -45.0  bpcal       10    +0.1378    0.0342    +0.0857    0.0037      2
REF_0324-28                 5815  square_6x6          1272.5     0.9000     45.0    -45.0  bpcal       11    +0.1561    0.0378    -0.1253    0.0025      2
REF_0324-28                 5815  square_6x6          1272.5     0.9000     45.0    -45.0  bpcal       12    +0.1593    0.0296    +0.1851    0.0030      2
REF_0324-28                 5815  square_6x6          1272.5     0.9000     45.0    -45.0  bpcal       13    +0.1507    0.0295    +0.2830    0.0031      2
REF_0324-28                 5815  square_6x6          1272.5     0.9000     45.0    -45.0  bpcal       14    +0.1142    0.0196    +0.4788    0.0051      2
REF_0324-28                 5815  square_6x6          1272.5     0.9000     45.0    -45.0  bpcal       15    +0.1438    0.0392    -0.0917    0.0023      2
REF_0324-28                 5815  square_6x6          1272.5     0.9000     45.0    -45.0  bpcal       16    +0.1536    0.0320    +0.3809    0.0032      2
REF_0324-28                 5815  square_6x6          1272.5     0.9000     45.0    -45.0  bpcal       17    +0.1657    0.0356    +1.0798    0.0030      2
REF_0324-28                 5815  square_6x6          1272.5     0.9000     45.0    -45.0  bpcal       18    +0.1588    0.0389    +0.1370    0.0037      2
REF_0324-28                 5815  square_6x6          1272.5     0.9000     45.0    -45.0  bpcal       19    +0.1572    0.0351    +0.0733    0.0028      2
REF_0324-28                 5815  square_6x6          1272.5     0.9000     45.0    -45.0  bpcal       20    +0.1512    0.0252    -0.5881    0.0006      2
REF_0324-28                 5815  square_6x6          1272.5     0.9000     45.0    -45.0  bpcal       21    +0.1754    0.0433    -0.4040    0.0015      2
REF_0324-28                 5815  square_6x6          1272.5     0.9000     45.0    -45.0  bpcal       22    +0.1528    0.0269    -0.5071    0.0042      2
REF_0324-28                 5815  square_6x6          1272.5     0.9000     45.0    -45.0  bpcal       23    +0.1502    0.0296    -0.0911    0.0058      2
REF_0324-28                 5815  square_6x6          1272.5     0.9000     45.0    -45.0  bpcal       24    +0.1877    0.0496    -0.1319    0.0016      2
REF_0324-28                 5815  square_6x6          1272.5     0.9000     45.0    -45.0  bpcal       25    +0.1605    0.0283    +1.2207    0.0062      2
REF_0324-28                 5815  square_6x6          1272.5     0.9000     45.0    -45.0  bpcal       26    +0.1457    0.0286    +0.7375    0.0024      2
REF_0324-28                 5815  square_6x6          1272.5     0.9000     45.0    -45.0  bpcal       27    +0.1585    0.0274    +1.2699    0.0015      2
REF_0324-28                 5815  square_6x6          1272.5     0.9000     45.0    -45.0  bpcal       28    +0.1681    0.0371    +0.9354    0.0026      2
REF_0324-28                 5815  square_6x6          1272.5     0.9000     45.0    -45.0  bpcal       29    +0.1607    0.0355    +0.4879    0.0025      2
REF_0324-28                 5815  square_6x6          1272.5     0.9000     45.0    -45.0  bpcal       30    +0.1658    0.0313    -0.5432    0.0124      2
REF_0324-28                 5815  square_6x6          1272.5     0.9000     45.0    -45.0  bpcal       31    +0.1819    0.0519    +0.1901    0.0007      2
REF_0324-28                 5815  square_6x6          1272.5     0.9000     45.0    -45.0  bpcal       32    +0.1820    0.0476    -0.3733    0.0093      2
REF_0324-28                 5815  square_6x6          1272.5     0.9000     45.0    -45.0  bpcal       33    +0.1497    0.0352    -0.3642    0.0004      2
REF_0324-28                 5815  square_6x6          1272.5     0.9000     45.0    -45.0  bpcal       34    +0.1423    0.0341    -0.0308    0.0046      2
REF_0324-28                 5815  square_6x6          1272.5     0.9000     45.0    -45.0  bpcal       35    +0.1435    0.0237    +1.5957    0.0028      2

REF_0324-28                 5815  square_6x6          1272.5     0.9000     45.0    -45.0  lcal         0    +0.0975    0.0244    +0.0012    0.0025      2
REF_0324-28                 5815  square_6x6          1272.5     0.9000     45.0    -45.0  lcal         1    +0.1421    0.0332    -0.0001    0.0002      2
REF_0324-28                 5815  square_6x6          1272.5     0.9000     45.0    -45.0  lcal         2    +0.1389    0.0314    +0.0020    0.0004      2
REF_0324-28                 5815  square_6x6          1272.5     0.9000     45.0    -45.0  lcal         3    +0.1341    0.0375    +0.0014    0.0026      2
REF_0324-28                 5815  square_6x6          1272.5     0.9000     45.0    -45.0  lcal         4    +0.1315    0.0326    -0.0026    0.0017      2
REF_0324-28                 5815  square_6x6          1272.5     0.9000     45.0    -45.0  lcal         5    +0.1214    0.0137    -0.0022    0.0008      2
REF_0324-28                 5815  square_6x6          1272.5     0.9000     45.0    -45.0  lcal         6    +0.1178    0.0151    +0.0014    0.0023      2
REF_0324-28                 5815  square_6x6          1272.5     0.9000     45.0    -45.0  lcal         7    +0.1382    0.0267    +0.0017    0.0009      2
REF_0324-28                 5815  square_6x6          1272.5     0.9000     45.0    -45.0  lcal         8    +0.1359    0.0313    +0.0024    0.0023      2
REF_0324-28                 5815  square_6x6          1272.5     0.9000     45.0    -45.0  lcal         9    +0.1319    0.0338    +0.0015    0.0002      2
REF_0324-28                 5815  square_6x6          1272.5     0.9000     45.0    -45.0  lcal        10    +0.1278    0.0312    +0.0031    0.0019      2
REF_0324-28                 5815  square_6x6          1272.5     0.9000     45.0    -45.0  lcal        11    +0.1433    0.0405    -0.0013    0.0011      2
REF_0324-28                 5815  square_6x6          1272.5     0.9000     45.0    -45.0  lcal        12    +0.1453    0.0296    -0.0003    0.0029      2
REF_0324-28                 5815  square_6x6          1272.5     0.9000     45.0    -45.0  lcal        13    +0.1379    0.0284    +0.0017    0.0009      2
REF_0324-28                 5815  square_6x6          1272.5     0.9000     45.0    -45.0  lcal        14    +0.1028    0.0183    +0.0027    0.0022      2
REF_0324-28                 5815  square_6x6          1272.5     0.9000     45.0    -45.0  lcal        15    +0.1300    0.0339    -0.0008    0.0008      2
REF_0324-28                 5815  square_6x6          1272.5     0.9000     45.0    -45.0  lcal        16    +0.1364    0.0320    -0.0018    0.0031      2
REF_0324-28                 5815  square_6x6          1272.5     0.9000     45.0    -45.0  lcal        17    +0.1503    0.0399    +0.0047    0.0007      2
REF_0324-28                 5815  square_6x6          1272.5     0.9000     45.0    -45.0  lcal        18    +0.1455    0.0358    +0.0003    0.0021      2
REF_0324-28                 5815  square_6x6          1272.5     0.9000     45.0    -45.0  lcal        19    +0.1406    0.0329    +0.0004    0.0008      2
REF_0324-28                 5815  square_6x6          1272.5     0.9000     45.0    -45.0  lcal        20    +0.1379    0.0236    -0.0024    0.0021      2
REF_0324-28                 5815  square_6x6          1272.5     0.9000     45.0    -45.0  lcal        21    +0.1603    0.0414    +0.0034    0.0006      2
REF_0324-28                 5815  square_6x6          1272.5     0.9000     45.0    -45.0  lcal        22    +0.1419    0.0311    -0.0021    0.0028      2
REF_0324-28                 5815  square_6x6          1272.5     0.9000     45.0    -45.0  lcal        23    +0.1388    0.0226    +0.0001    0.0005      2
REF_0324-28                 5815  square_6x6          1272.5     0.9000     45.0    -45.0  lcal        24    +0.1709    0.0456    -0.0009    0.0016      2
REF_0324-28                 5815  square_6x6          1272.5     0.9000     45.0    -45.0  lcal        25    +0.1481    0.0288    +0.0053    0.0002      2
REF_0324-28                 5815  square_6x6          1272.5     0.9000     45.0    -45.0  lcal        26    +0.1306    0.0279    +0.0020    0.0036      2
REF_0324-28                 5815  square_6x6          1272.5     0.9000     45.0    -45.0  lcal        27    +0.1447    0.0272    +0.0071    0.0004      2
REF_0324-28                 5815  square_6x6          1272.5     0.9000     45.0    -45.0  lcal        28    +0.1563    0.0373    +0.0093    0.0030      2
REF_0324-28                 5815  square_6x6          1272.5     0.9000     45.0    -45.0  lcal        29    +0.1464    0.0360    +0.0027    0.0015      2
REF_0324-28                 5815  square_6x6          1272.5     0.9000     45.0    -45.0  lcal        30    +0.1461    0.0345    +0.0003    0.0024      2
REF_0324-28                 5815  square_6x6          1272.5     0.9000     45.0    -45.0  lcal        31    +0.1662    0.0492    +0.0063    0.0002      2
REF_0324-28                 5815  square_6x6          1272.5     0.9000     45.0    -45.0  lcal        32    +0.1679    0.0412    +0.0034    0.0028      2
REF_0324-28                 5815  square_6x6          1272.5     0.9000     45.0    -45.0  lcal        33    +0.1352    0.0377    +0.0000    0.0013      2
REF_0324-28                 5815  square_6x6          1272.5     0.9000     45.0    -45.0  lcal        34    +0.1305    0.0324    +0.0008    0.0018      2
REF_0324-28                 5815  square_6x6          1272.5     0.9000     45.0    -45.0  lcal        35    +0.1258    0.0210    +0.0066    0.0006      2

REF_0612-28                 5815  square_6x6          1272.5     0.9000     45.0    -45.0  bpcal        0    +0.1864    0.0000    -0.0502    0.0000      1
REF_0612-28                 5815  square_6x6          1272.5     0.9000     45.0    -45.0  bpcal        1    +0.1787    0.0000    -0.0494    0.0000      1
REF_0612-28                 5815  square_6x6          1272.5     0.9000     45.0    -45.0  bpcal        2    +0.1631    0.0000    -0.0669    0.0000      1
REF_0612-28                 5815  square_6x6          1272.5     0.9000     45.0    -45.0  bpcal        3    +0.1733    0.0000    -0.0691    0.0000      1
REF_0612-28                 5815  square_6x6          1272.5     0.9000     45.0    -45.0  bpcal        4    +0.1513    0.0000    -0.2944    0.0000      1
REF_0612-28                 5815  square_6x6          1272.5     0.9000     45.0    -45.0  bpcal        5    +0.2006    0.0000    +0.0121    0.0000      1
REF_0612-28                 5815  square_6x6          1272.5     0.9000     45.0    -45.0  bpcal        6    +0.1803    0.0000    +0.3493    0.0000      1
REF_0612-28                 5815  square_6x6          1272.5     0.9000     45.0    -45.0  bpcal        7    +0.1186    0.0000    +0.1569    0.0000      1
REF_0612-28                 5815  square_6x6          1272.5     0.9000     45.0    -45.0  bpcal        8    +0.1467    0.0000    +0.3745    0.0000      1
REF_0612-28                 5815  square_6x6          1272.5     0.9000     45.0    -45.0  bpcal        9    +0.1529    0.0000    +0.0380    0.0000      1
REF_0612-28                 5815  square_6x6          1272.5     0.9000     45.0    -45.0  bpcal       10    +0.1604    0.0000    +0.0739    0.0000      1
REF_0612-28                 5815  square_6x6          1272.5     0.9000     45.0    -45.0  bpcal       11    +0.1824    0.0000    -0.1301    0.0000      1
REF_0612-28                 5815  square_6x6          1272.5     0.9000     45.0    -45.0  bpcal       12    +0.1845    0.0000    +0.1897    0.0000      1
REF_0612-28                 5815  square_6x6          1272.5     0.9000     45.0    -45.0  bpcal       13    +0.1667    0.0000    +0.2792    0.0000      1
REF_0612-28                 5815  square_6x6          1272.5     0.9000     45.0    -45.0  bpcal       14    +0.1910    0.0000    +0.4775    0.0000      1
REF_0612-28                 5815  square_6x6          1272.5     0.9000     45.0    -45.0  bpcal       15    +0.1540    0.0000    -0.0976    0.0000      1
REF_0612-28                 5815  square_6x6          1272.5     0.9000     45.0    -45.0  bpcal       16    +0.1658    0.0000    +0.3871    0.0000      1
REF_0612-28                 5815  square_6x6          1272.5     0.9000     45.0    -45.0  bpcal       17    +0.1571    0.0000    +1.0814    0.0000      1
REF_0612-28                 5815  square_6x6          1272.5     0.9000     45.0    -45.0  bpcal       18    +0.1492    0.0000    +0.1330    0.0000      1
REF_0612-28                 5815  square_6x6          1272.5     0.9000     45.0    -45.0  bpcal       19    +0.1779    0.0000    +0.0606    0.0000      1
REF_0612-28                 5815  square_6x6          1272.5     0.9000     45.0    -45.0  bpcal       20    +0.1731    0.0000    -0.6060    0.0000      1
REF_0612-28                 5815  square_6x6          1272.5     0.9000     45.0    -45.0  bpcal       21    +0.1336    0.0000    -0.4077    0.0000      1
REF_0612-28                 5815  square_6x6          1272.5     0.9000     45.0    -45.0  bpcal       22    +0.1656    0.0000    -0.5065    0.0000      1
REF_0612-28                 5815  square_6x6          1272.5     0.9000     45.0    -45.0  bpcal       23    +0.1915    0.0000    -0.1027    0.0000      1
REF_0612-28                 5815  square_6x6          1272.5     0.9000     45.0    -45.0  bpcal       24    +0.2023    0.0000    -0.1428    0.0000      1
REF_0612-28                 5815  square_6x6          1272.5     0.9000     45.0    -45.0  bpcal       25    +0.2188    0.0000    +1.2317    0.0000      1
REF_0612-28                 5815  square_6x6          1272.5     0.9000     45.0    -45.0  bpcal       26    +0.1799    0.0000    +0.7355    0.0000      1
REF_0612-28                 5815  square_6x6          1272.5     0.9000     45.0    -45.0  bpcal       27    +0.1787    0.0000    +1.2593    0.0000      1
REF_0612-28                 5815  square_6x6          1272.5     0.9000     45.0    -45.0  bpcal       28    +0.1546    0.0000    +0.9263    0.0000      1
REF_0612-28                 5815  square_6x6          1272.5     0.9000     45.0    -45.0  bpcal       29    +0.1807    0.0000    +0.4688    0.0000      1
REF_0612-28                 5815  square_6x6          1272.5     0.9000     45.0    -45.0  bpcal       30    +0.1958    0.0000    -0.5420    0.0000      1
REF_0612-28                 5815  square_6x6          1272.5     0.9000     45.0    -45.0  bpcal       31    +0.1326    0.0000    +0.1946    0.0000      1
REF_0612-28                 5815  square_6x6          1272.5     0.9000     45.0    -45.0  bpcal       32    +0.1389    0.0000    -0.3898    0.0000      1
REF_0612-28                 5815  square_6x6          1272.5     0.9000     45.0    -45.0  bpcal       33    +0.1790    0.0000    -0.3671    0.0000      1
REF_0612-28                 5815  square_6x6          1272.5     0.9000     45.0    -45.0  bpcal       34    +0.1482    0.0000    -0.0312    0.0000      1
REF_0612-28                 5815  square_6x6          1272.5     0.9000     45.0    -45.0  bpcal       35    +0.1569    0.0000    +1.5896    0.0000      1

REF_0612-28                 5815  square_6x6          1272.5     0.9000     45.0    -45.0  lcal         0    +0.1674    0.0000    +0.0038    0.0000      1
REF_0612-28                 5815  square_6x6          1272.5     0.9000     45.0    -45.0  lcal         1    +0.1532    0.0000    +0.0004    0.0000      1
REF_0612-28                 5815  square_6x6          1272.5     0.9000     45.0    -45.0  lcal         2    +0.1445    0.0000    +0.0007    0.0000      1
REF_0612-28                 5815  square_6x6          1272.5     0.9000     45.0    -45.0  lcal         3    +0.1488    0.0000    +0.0031    0.0000      1
REF_0612-28                 5815  square_6x6          1272.5     0.9000     45.0    -45.0  lcal         4    +0.1245    0.0000    -0.0040    0.0000      1
REF_0612-28                 5815  square_6x6          1272.5     0.9000     45.0    -45.0  lcal         5    +0.1693    0.0000    -0.0032    0.0000      1
REF_0612-28                 5815  square_6x6          1272.5     0.9000     45.0    -45.0  lcal         6    +0.1623    0.0000    +0.0066    0.0000      1
REF_0612-28                 5815  square_6x6          1272.5     0.9000     45.0    -45.0  lcal         7    +0.1080    0.0000    +0.0018    0.0000      1
REF_0612-28                 5815  square_6x6          1272.5     0.9000     45.0    -45.0  lcal         8    +0.1241    0.0000    +0.0068    0.0000      1
REF_0612-28                 5815  square_6x6          1272.5     0.9000     45.0    -45.0  lcal         9    +0.1242    0.0000    -0.0005    0.0000      1
REF_0612-28                 5815  square_6x6          1272.5     0.9000     45.0    -45.0  lcal        10    +0.1370    0.0000    -0.0027    0.0000      1
REF_0612-28                 5815  square_6x6          1272.5     0.9000     45.0    -45.0  lcal        11    +0.1550    0.0000    -0.0025    0.0000      1
REF_0612-28                 5815  square_6x6          1272.5     0.9000     45.0    -45.0  lcal        12    +0.1554    0.0000    +0.0023    0.0000      1
REF_0612-28                 5815  square_6x6          1272.5     0.9000     45.0    -45.0  lcal        13    +0.1454    0.0000    +0.0022    0.0000      1
REF_0612-28                 5815  square_6x6          1272.5     0.9000     45.0    -45.0  lcal        14    +0.1833    0.0000    +0.0054    0.0000      1
REF_0612-28                 5815  square_6x6          1272.5     0.9000     45.0    -45.0  lcal        15    +0.1292    0.0000    -0.0020    0.0000      1
REF_0612-28                 5815  square_6x6          1272.5     0.9000     45.0    -45.0  lcal        16    +0.1408    0.0000    +0.0007    0.0000      1
REF_0612-28                 5815  square_6x6          1272.5     0.9000     45.0    -45.0  lcal        17    +0.1393    0.0000    +0.0030    0.0000      1
REF_0612-28                 5815  square_6x6          1272.5     0.9000     45.0    -45.0  lcal        18    +0.1261    0.0000    -0.0047    0.0000      1
REF_0612-28                 5815  square_6x6          1272.5     0.9000     45.0    -45.0  lcal        19    +0.1618    0.0000    -0.0035    0.0000      1
REF_0612-28                 5815  square_6x6          1272.5     0.9000     45.0    -45.0  lcal        20    +0.1535    0.0000    +0.0031    0.0000      1
REF_0612-28                 5815  square_6x6          1272.5     0.9000     45.0    -45.0  lcal        21    +0.1029    0.0000    +0.0044    0.0000      1
REF_0612-28                 5815  square_6x6          1272.5     0.9000     45.0    -45.0  lcal        22    +0.1665    0.0000    +0.0029    0.0000      1
REF_0612-28                 5815  square_6x6          1272.5     0.9000     45.0    -45.0  lcal        23    +0.1650    0.0000    +0.0004    0.0000      1
REF_0612-28                 5815  square_6x6          1272.5     0.9000     45.0    -45.0  lcal        24    +0.1893    0.0000    -0.0058    0.0000      1
REF_0612-28                 5815  square_6x6          1272.5     0.9000     45.0    -45.0  lcal        25    +0.1893    0.0000    +0.0041    0.0000      1
REF_0612-28                 5815  square_6x6          1272.5     0.9000     45.0    -45.0  lcal        26    +0.1511    0.0000    +0.0052    0.0000      1
REF_0612-28                 5815  square_6x6          1272.5     0.9000     45.0    -45.0  lcal        27    +0.1687    0.0000    +0.0052    0.0000      1
REF_0612-28                 5815  square_6x6          1272.5     0.9000     45.0    -45.0  lcal        28    +0.1394    0.0000    +0.0032    0.0000      1
REF_0612-28                 5815  square_6x6          1272.5     0.9000     45.0    -45.0  lcal        29    +0.1605    0.0000    +0.0007    0.0000      1
REF_0612-28                 5815  square_6x6          1272.5     0.9000     45.0    -45.0  lcal        30    +0.1431    0.0000    +0.0039    0.0000      1
REF_0612-28                 5815  square_6x6          1272.5     0.9000     45.0    -45.0  lcal        31    +0.1021    0.0000    +0.0081    0.0000      1
REF_0612-28                 5815  square_6x6          1272.5     0.9000     45.0    -45.0  lcal        32    +0.1202    0.0000    +0.0068    0.0000      1
REF_0612-28                 5815  square_6x6          1272.5     0.9000     45.0    -45.0  lcal        33    +0.1485    0.0000    -0.0023    0.0000      1
REF_0612-28                 5815  square_6x6          1272.5     0.9000     45.0    -45.0  lcal        34    +0.1301    0.0000    -0.0044    0.0000      1
REF_0612-28                 5815  square_6x6          1272.5     0.9000     45.0    -45.0  lcal        35    +0.1250    0.0000    +0.0048    0.0000      1

REF_1324-28                 5815  square_6x6          1272.5     0.9000     45.0    -45.0  bpcal        0    +0.3573    0.0000    -0.0518    0.0000      1
REF_1324-28                 5815  square_6x6          1272.5     0.9000     45.0    -45.0  bpcal        1    +0.3331    0.0000    -0.0534    0.0000      1
REF_1324-28                 5815  square_6x6          1272.5     0.9000     45.0    -45.0  bpcal        2    +0.3288    0.0000    -0.0728    0.0000      1
REF_1324-28                 5815  square_6x6          1272.5     0.9000     45.0    -45.0  bpcal        3    +0.3306    0.0000    -0.0702    0.0000      1
REF_1324-28                 5815  square_6x6          1272.5     0.9000     45.0    -45.0  bpcal        4    +0.3378    0.0000    -0.2872    0.0000      1
REF_1324-28                 5815  square_6x6          1272.5     0.9000     45.0    -45.0  bpcal        5    +0.3464    0.0000    +0.0140    0.0000      1
REF_1324-28                 5815  square_6x6          1272.5     0.9000     45.0    -45.0  bpcal        6    +0.3371    0.0000    +0.3478    0.0000      1
REF_1324-28                 5815  square_6x6          1272.5     0.9000     45.0    -45.0  bpcal        7    +0.3229    0.0000    +0.1585    0.0000      1
REF_1324-28                 5815  square_6x6          1272.5     0.9000     45.0    -45.0  bpcal        8    +0.3284    0.0000    +0.3722    0.0000      1
REF_1324-28                 5815  square_6x6          1272.5     0.9000     45.0    -45.0  bpcal        9    +0.3430    0.0000    +0.0372    0.0000      1
REF_1324-28                 5815  square_6x6          1272.5     0.9000     45.0    -45.0  bpcal       10    +0.3383    0.0000    +0.0760    0.0000      1
REF_1324-28                 5815  square_6x6          1272.5     0.9000     45.0    -45.0  bpcal       11    +0.3370    0.0000    -0.1209    0.0000      1
REF_1324-28                 5815  square_6x6          1272.5     0.9000     45.0    -45.0  bpcal       12    +0.3119    0.0000    +0.1883    0.0000      1
REF_1324-28                 5815  square_6x6          1272.5     0.9000     45.0    -45.0  bpcal       13    +0.3343    0.0000    +0.2801    0.0000      1
REF_1324-28                 5815  square_6x6          1272.5     0.9000     45.0    -45.0  bpcal       14    +0.3577    0.0000    +0.4718    0.0000      1
REF_1324-28                 5815  square_6x6          1272.5     0.9000     45.0    -45.0  bpcal       15    +0.3224    0.0000    -0.0937    0.0000      1
REF_1324-28                 5815  square_6x6          1272.5     0.9000     45.0    -45.0  bpcal       16    +0.3260    0.0000    +0.3720    0.0000      1
REF_1324-28                 5815  square_6x6          1272.5     0.9000     45.0    -45.0  bpcal       17    +0.3433    0.0000    +1.0688    0.0000      1
REF_1324-28                 5815  square_6x6          1272.5     0.9000     45.0    -45.0  bpcal       18    +0.3344    0.0000    +0.1276    0.0000      1
REF_1324-28                 5815  square_6x6          1272.5     0.9000     45.0    -45.0  bpcal       19    +0.3327    0.0000    +0.0662    0.0000      1
REF_1324-28                 5815  square_6x6          1272.5     0.9000     45.0    -45.0  bpcal       20    +0.3324    0.0000    -0.5976    0.0000      1
REF_1324-28                 5815  square_6x6          1272.5     0.9000     45.0    -45.0  bpcal       21    +0.3107    0.0000    -0.4043    0.0000      1
REF_1324-28                 5815  square_6x6          1272.5     0.9000     45.0    -45.0  bpcal       22    +0.3408    0.0000    -0.5155    0.0000      1
REF_1324-28                 5815  square_6x6          1272.5     0.9000     45.0    -45.0  bpcal       23    +0.3366    0.0000    -0.1165    0.0000      1
REF_1324-28                 5815  square_6x6          1272.5     0.9000     45.0    -45.0  bpcal       24    +0.3150    0.0000    -0.1367    0.0000      1
REF_1324-28                 5815  square_6x6          1272.5     0.9000     45.0    -45.0  bpcal       25    +0.3367    0.0000    +1.2325    0.0000      1
REF_1324-28                 5815  square_6x6          1272.5     0.9000     45.0    -45.0  bpcal       26    +0.3381    0.0000    +0.7352    0.0000      1
REF_1324-28                 5815  square_6x6          1272.5     0.9000     45.0    -45.0  bpcal       27    +0.3097    0.0000    +1.2648    0.0000      1
REF_1324-28                 5815  square_6x6          1272.5     0.9000     45.0    -45.0  bpcal       28    +0.3091    0.0000    +0.9411    0.0000      1
REF_1324-28                 5815  square_6x6          1272.5     0.9000     45.0    -45.0  bpcal       29    +0.3307    0.0000    +0.4710    0.0000      1
REF_1324-28                 5815  square_6x6          1272.5     0.9000     45.0    -45.0  bpcal       30    +0.3336    0.0000    -0.5501    0.0000      1
REF_1324-28                 5815  square_6x6          1272.5     0.9000     45.0    -45.0  bpcal       31    +0.3055    0.0000    +0.1875    0.0000      1
REF_1324-28                 5815  square_6x6          1272.5     0.9000     45.0    -45.0  bpcal       32    +0.3096    0.0000    -0.3942    0.0000      1
REF_1324-28                 5815  square_6x6          1272.5     0.9000     45.0    -45.0  bpcal       33    +0.3362    0.0000    -0.3659    0.0000      1
REF_1324-28                 5815  square_6x6          1272.5     0.9000     45.0    -45.0  bpcal       34    +0.3189    0.0000    -0.0304    0.0000      1
REF_1324-28                 5815  square_6x6          1272.5     0.9000     45.0    -45.0  bpcal       35    +0.3340    0.0000    +1.5902    0.0000      1

REF_1324-28                 5815  square_6x6          1272.5     0.9000     45.0    -45.0  lcal         0    +0.3573    0.0000    -0.0005    0.0000      1
REF_1324-28                 5815  square_6x6          1272.5     0.9000     45.0    -45.0  lcal         1    +0.3338    0.0000    +0.0005    0.0000      1
REF_1324-28                 5815  square_6x6          1272.5     0.9000     45.0    -45.0  lcal         2    +0.3312    0.0000    +0.0004    0.0000      1
REF_1324-28                 5815  square_6x6          1272.5     0.9000     45.0    -45.0  lcal         3    +0.3314    0.0000    -0.0002    0.0000      1
REF_1324-28                 5815  square_6x6          1272.5     0.9000     45.0    -45.0  lcal         4    +0.3342    0.0000    -0.0007    0.0000      1
REF_1324-28                 5815  square_6x6          1272.5     0.9000     45.0    -45.0  lcal         5    +0.3459    0.0000    -0.0018    0.0000      1
REF_1324-28                 5815  square_6x6          1272.5     0.9000     45.0    -45.0  lcal         6    +0.3311    0.0000    +0.0006    0.0000      1
REF_1324-28                 5815  square_6x6          1272.5     0.9000     45.0    -45.0  lcal         7    +0.3377    0.0000    +0.0008    0.0000      1
REF_1324-28                 5815  square_6x6          1272.5     0.9000     45.0    -45.0  lcal         8    +0.3317    0.0000    +0.0035    0.0000      1
REF_1324-28                 5815  square_6x6          1272.5     0.9000     45.0    -45.0  lcal         9    +0.3413    0.0000    -0.0006    0.0000      1
REF_1324-28                 5815  square_6x6          1272.5     0.9000     45.0    -45.0  lcal        10    +0.3408    0.0000    +0.0016    0.0000      1
REF_1324-28                 5815  square_6x6          1272.5     0.9000     45.0    -45.0  lcal        11    +0.3363    0.0000    -0.0002    0.0000      1
REF_1324-28                 5815  square_6x6          1272.5     0.9000     45.0    -45.0  lcal        12    +0.3060    0.0000    -0.0004    0.0000      1
REF_1324-28                 5815  square_6x6          1272.5     0.9000     45.0    -45.0  lcal        13    +0.3354    0.0000    +0.0008    0.0000      1
REF_1324-28                 5815  square_6x6          1272.5     0.9000     45.0    -45.0  lcal        14    +0.3563    0.0000    +0.0017    0.0000      1
REF_1324-28                 5815  square_6x6          1272.5     0.9000     45.0    -45.0  lcal        15    +0.3224    0.0000    -0.0009    0.0000      1
REF_1324-28                 5815  square_6x6          1272.5     0.9000     45.0    -45.0  lcal        16    +0.3288    0.0000    -0.0026    0.0000      1
REF_1324-28                 5815  square_6x6          1272.5     0.9000     45.0    -45.0  lcal        17    +0.3437    0.0000    +0.0030    0.0000      1
REF_1324-28                 5815  square_6x6          1272.5     0.9000     45.0    -45.0  lcal        18    +0.3327    0.0000    +0.0002    0.0000      1
REF_1324-28                 5815  square_6x6          1272.5     0.9000     45.0    -45.0  lcal        19    +0.3365    0.0000    +0.0012    0.0000      1
REF_1324-28                 5815  square_6x6          1272.5     0.9000     45.0    -45.0  lcal        20    +0.3289    0.0000    -0.0011    0.0000      1
REF_1324-28                 5815  square_6x6          1272.5     0.9000     45.0    -45.0  lcal        21    +0.3092    0.0000    +0.0018    0.0000      1
REF_1324-28                 5815  square_6x6          1272.5     0.9000     45.0    -45.0  lcal        22    +0.3349    0.0000    -0.0012    0.0000      1
REF_1324-28                 5815  square_6x6          1272.5     0.9000     45.0    -45.0  lcal        23    +0.3377    0.0000    +0.0000    0.0000      1
REF_1324-28                 5815  square_6x6          1272.5     0.9000     45.0    -45.0  lcal        24    +0.3139    0.0000    -0.0007    0.0000      1
REF_1324-28                 5815  square_6x6          1272.5     0.9000     45.0    -45.0  lcal        25    +0.3353    0.0000    +0.0041    0.0000      1
REF_1324-28                 5815  square_6x6          1272.5     0.9000     45.0    -45.0  lcal        26    +0.3352    0.0000    +0.0019    0.0000      1
REF_1324-28                 5815  square_6x6          1272.5     0.9000     45.0    -45.0  lcal        27    +0.3129    0.0000    +0.0064    0.0000      1
REF_1324-28                 5815  square_6x6          1272.5     0.9000     45.0    -45.0  lcal        28    +0.3158    0.0000    +0.0073    0.0000      1
REF_1324-28                 5815  square_6x6          1272.5     0.9000     45.0    -45.0  lcal        29    +0.3301    0.0000    +0.0022    0.0000      1
REF_1324-28                 5815  square_6x6          1272.5     0.9000     45.0    -45.0  lcal        30    +0.3316    0.0000    -0.0009    0.0000      1
REF_1324-28                 5815  square_6x6          1272.5     0.9000     45.0    -45.0  lcal        31    +0.3037    0.0000    +0.0054    0.0000      1
REF_1324-28                 5815  square_6x6          1272.5     0.9000     45.0    -45.0  lcal        32    +0.3055    0.0000    +0.0030    0.0000      1
REF_1324-28                 5815  square_6x6          1272.5     0.9000     45.0    -45.0  lcal        33    +0.3376    0.0000    -0.0002    0.0000      1
REF_1324-28                 5815  square_6x6          1272.5     0.9000     45.0    -45.0  lcal        34    +0.3237    0.0000    +0.0005    0.0000      1
REF_1324-28                 5815  square_6x6          1272.5     0.9000     45.0    -45.0  lcal        35    +0.3298    0.0000    +0.0056    0.0000      1

REF_1612-28                 5815  square_6x6          1272.5     0.9000     45.0    -45.0  bpcal        0    -1.0263    0.0000    -0.0414    0.0000      1
REF_1612-28                 5815  square_6x6          1272.5     0.9000     45.0    -45.0  bpcal        1    -1.0329    0.0000    -0.0473    0.0000      1
REF_1612-28                 5815  square_6x6          1272.5     0.9000     45.0    -45.0  bpcal        2    -1.0159    0.0000    -0.0531    0.0000      1
REF_1612-28                 5815  square_6x6          1272.5     0.9000     45.0    -45.0  bpcal        3    -1.0376    0.0000    -0.0682    0.0000      1
REF_1612-28                 5815  square_6x6          1272.5     0.9000     45.0    -45.0  bpcal        4    -1.0690    0.0000    -0.2927    0.0000      1
REF_1612-28                 5815  square_6x6          1272.5     0.9000     45.0    -45.0  bpcal        5    -1.0401    0.0000    +0.0252    0.0000      1
REF_1612-28                 5815  square_6x6          1272.5     0.9000     45.0    -45.0  bpcal        6    -1.0403    0.0000    +0.3536    0.0000      1
REF_1612-28                 5815  square_6x6          1272.5     0.9000     45.0    -45.0  bpcal        7    -1.0561    0.0000    +0.1779    0.0000      1
REF_1612-28                 5815  square_6x6          1272.5     0.9000     45.0    -45.0  bpcal        8    -1.0615    0.0000    +0.3764    0.0000      1
REF_1612-28                 5815  square_6x6          1272.5     0.9000     45.0    -45.0  bpcal        9    -1.0933    0.0000    +0.0500    0.0000      1
REF_1612-28                 5815  square_6x6          1272.5     0.9000     45.0    -45.0  bpcal       10    -1.0981    0.0000    +0.0907    0.0000      1
REF_1612-28                 5815  square_6x6          1272.5     0.9000     45.0    -45.0  bpcal       11    -1.0293    0.0000    -0.1290    0.0000      1
REF_1612-28                 5815  square_6x6          1272.5     0.9000     45.0    -45.0  bpcal       12    -1.0289    0.0000    +0.1826    0.0000      1
REF_1612-28                 5815  square_6x6          1272.5     0.9000     45.0    -45.0  bpcal       13    -1.0239    0.0000    +0.2904    0.0000      1
REF_1612-28                 5815  square_6x6          1272.5     0.9000     45.0    -45.0  bpcal       14    -0.9947    0.0000    +0.4809    0.0000      1
REF_1612-28                 5815  square_6x6          1272.5     0.9000     45.0    -45.0  bpcal       15    -0.9754    0.0000    -0.0767    0.0000      1
REF_1612-28                 5815  square_6x6          1272.5     0.9000     45.0    -45.0  bpcal       16    -0.9683    0.0000    +0.3717    0.0000      1
REF_1612-28                 5815  square_6x6          1272.5     0.9000     45.0    -45.0  bpcal       17    -1.0068    0.0000    +1.0676    0.0000      1
REF_1612-28                 5815  square_6x6          1272.5     0.9000     45.0    -45.0  bpcal       18    -1.0158    0.0000    +0.1351    0.0000      1
REF_1612-28                 5815  square_6x6          1272.5     0.9000     45.0    -45.0  bpcal       19    -1.0259    0.0000    +0.0806    0.0000      1
REF_1612-28                 5815  square_6x6          1272.5     0.9000     45.0    -45.0  bpcal       20    -1.0119    0.0000    -0.5764    0.0000      1
REF_1612-28                 5815  square_6x6          1272.5     0.9000     45.0    -45.0  bpcal       21    -1.0199    0.0000    -0.3838    0.0000      1
REF_1612-28                 5815  square_6x6          1272.5     0.9000     45.0    -45.0  bpcal       22    -1.0160    0.0000    -0.5069    0.0000      1
REF_1612-28                 5815  square_6x6          1272.5     0.9000     45.0    -45.0  bpcal       23    -1.0356    0.0000    -0.1060    0.0000      1
REF_1612-28                 5815  square_6x6          1272.5     0.9000     45.0    -45.0  bpcal       24    -0.9874    0.0000    -0.1292    0.0000      1
REF_1612-28                 5815  square_6x6          1272.5     0.9000     45.0    -45.0  bpcal       25    -1.0374    0.0000    +1.2182    0.0000      1
REF_1612-28                 5815  square_6x6          1272.5     0.9000     45.0    -45.0  bpcal       26    -1.0348    0.0000    +0.7389    0.0000      1
REF_1612-28                 5815  square_6x6          1272.5     0.9000     45.0    -45.0  bpcal       27    -1.0288    0.0000    +1.2795    0.0000      1
REF_1612-28                 5815  square_6x6          1272.5     0.9000     45.0    -45.0  bpcal       28    -1.0359    0.0000    +0.9493    0.0000      1
REF_1612-28                 5815  square_6x6          1272.5     0.9000     45.0    -45.0  bpcal       29    -1.0246    0.0000    +0.5023    0.0000      1
REF_1612-28                 5815  square_6x6          1272.5     0.9000     45.0    -45.0  bpcal       30    -1.0174    0.0000    -0.5302    0.0000      1
REF_1612-28                 5815  square_6x6          1272.5     0.9000     45.0    -45.0  bpcal       31    -1.0409    0.0000    +0.1855    0.0000      1
REF_1612-28                 5815  square_6x6          1272.5     0.9000     45.0    -45.0  bpcal       32    -1.0364    0.0000    -0.3662    0.0000      1
REF_1612-28                 5815  square_6x6          1272.5     0.9000     45.0    -45.0  bpcal       33    -1.0347    0.0000    -0.3606    0.0000      1
REF_1612-28                 5815  square_6x6          1272.5     0.9000     45.0    -45.0  bpcal       34    -0.9960    0.0000    -0.0292    0.0000      1
REF_1612-28                 5815  square_6x6          1272.5     0.9000     45.0    -45.0  bpcal       35    -1.0467    0.0000    +1.5974    0.0000      1

REF_1612-28                 5815  square_6x6          1272.5     0.9000     45.0    -45.0  lcal         0    -1.0166    0.0000    +0.0007    0.0000      1
REF_1612-28                 5815  square_6x6          1272.5     0.9000     45.0    -45.0  lcal         1    -1.0220    0.0000    +0.0020    0.0000      1
REF_1612-28                 5815  square_6x6          1272.5     0.9000     45.0    -45.0  lcal         2    -1.0162    0.0000    +0.0021    0.0000      1
REF_1612-28                 5815  square_6x6          1272.5     0.9000     45.0    -45.0  lcal         3    -1.0272    0.0000    +0.0025    0.0000      1
REF_1612-28                 5815  square_6x6          1272.5     0.9000     45.0    -45.0  lcal         4    -1.0676    0.0000    -0.0005    0.0000      1
REF_1612-28                 5815  square_6x6          1272.5     0.9000     45.0    -45.0  lcal         5    -1.0393    0.0000    +0.0011    0.0000      1
REF_1612-28                 5815  square_6x6          1272.5     0.9000     45.0    -45.0  lcal         6    -1.0349    0.0000    +0.0027    0.0000      1
REF_1612-28                 5815  square_6x6          1272.5     0.9000     45.0    -45.0  lcal         7    -1.0550    0.0000    +0.0034    0.0000      1
REF_1612-28                 5815  square_6x6          1272.5     0.9000     45.0    -45.0  lcal         8    -1.0599    0.0000    +0.0036    0.0000      1
REF_1612-28                 5815  square_6x6          1272.5     0.9000     45.0    -45.0  lcal         9    -1.0924    0.0000    +0.0034    0.0000      1
REF_1612-28                 5815  square_6x6          1272.5     0.9000     45.0    -45.0  lcal        10    -1.0928    0.0000    +0.0022    0.0000      1
REF_1612-28                 5815  square_6x6          1272.5     0.9000     45.0    -45.0  lcal        11    -1.0210    0.0000    -0.0002    0.0000      1
REF_1612-28                 5815  square_6x6          1272.5     0.9000     45.0    -45.0  lcal        12    -1.0207    0.0000    -0.0003    0.0000      1
REF_1612-28                 5815  square_6x6          1272.5     0.9000     45.0    -45.0  lcal        13    -1.0152    0.0000    +0.0047    0.0000      1
REF_1612-28                 5815  square_6x6          1272.5     0.9000     45.0    -45.0  lcal        14    -0.9865    0.0000    +0.0033    0.0000      1
REF_1612-28                 5815  square_6x6          1272.5     0.9000     45.0    -45.0  lcal        15    -0.9674    0.0000    -0.0018    0.0000      1
REF_1612-28                 5815  square_6x6          1272.5     0.9000     45.0    -45.0  lcal        16    -0.9572    0.0000    -0.0022    0.0000      1
REF_1612-28                 5815  square_6x6          1272.5     0.9000     45.0    -45.0  lcal        17    -1.0005    0.0000    +0.0060    0.0000      1
REF_1612-28                 5815  square_6x6          1272.5     0.9000     45.0    -45.0  lcal        18    -1.0071    0.0000    +0.0026    0.0000      1
REF_1612-28                 5815  square_6x6          1272.5     0.9000     45.0    -45.0  lcal        19    -1.0172    0.0000    +0.0020    0.0000      1
REF_1612-28                 5815  square_6x6          1272.5     0.9000     45.0    -45.0  lcal        20    -1.0036    0.0000    -0.0021    0.0000      1
REF_1612-28                 5815  square_6x6          1272.5     0.9000     45.0    -45.0  lcal        21    -1.0141    0.0000    +0.0067    0.0000      1
REF_1612-28                 5815  square_6x6          1272.5     0.9000     45.0    -45.0  lcal        22    -1.0098    0.0000    +0.0015    0.0000      1
REF_1612-28                 5815  square_6x6          1272.5     0.9000     45.0    -45.0  lcal        23    -1.0289    0.0000    +0.0022    0.0000      1
REF_1612-28                 5815  square_6x6          1272.5     0.9000     45.0    -45.0  lcal        24    -0.9821    0.0000    +0.0011    0.0000      1
REF_1612-28                 5815  square_6x6          1272.5     0.9000     45.0    -45.0  lcal        25    -1.0311    0.0000    +0.0055    0.0000      1
REF_1612-28                 5815  square_6x6          1272.5     0.9000     45.0    -45.0  lcal        26    -1.0251    0.0000    +0.0039    0.0000      1
REF_1612-28                 5815  square_6x6          1272.5     0.9000     45.0    -45.0  lcal        27    -1.0213    0.0000    +0.0083    0.0000      1
REF_1612-28                 5815  square_6x6          1272.5     0.9000     45.0    -45.0  lcal        28    -1.0273    0.0000    +0.0190    0.0000      1
REF_1612-28                 5815  square_6x6          1272.5     0.9000     45.0    -45.0  lcal        29    -1.0172    0.0000    +0.0049    0.0000      1
REF_1612-28                 5815  square_6x6          1272.5     0.9000     45.0    -45.0  lcal        30    -1.0168    0.0000    +0.0022    0.0000      1
REF_1612-28                 5815  square_6x6          1272.5     0.9000     45.0    -45.0  lcal        31    -1.0348    0.0000    +0.0079    0.0000      1
REF_1612-28                 5815  square_6x6          1272.5     0.9000     45.0    -45.0  lcal        32    -1.0285    0.0000    +0.0052    0.0000      1
REF_1612-28                 5815  square_6x6          1272.5     0.9000     45.0    -45.0  lcal        33    -1.0272    0.0000    +0.0017    0.0000      1
REF_1612-28                 5815  square_6x6          1272.5     0.9000     45.0    -45.0  lcal        34    -0.9882    0.0000    +0.0012    0.0000      1
REF_1612-28                 5815  square_6x6          1272.5     0.9000     45.0    -45.0  lcal        35    -1.0414    0.0000    +0.0067    0.0000      1

REF_2300-28                 5815  square_6x6          1272.5     0.9000     45.0    -45.0  bpcal        0    -0.9763    0.0000    -0.0457    0.0000      1
REF_2300-28                 5815  square_6x6          1272.5     0.9000     45.0    -45.0  bpcal        1    -0.9612    0.0000    -0.0484    0.0000      1
REF_2300-28                 5815  square_6x6          1272.5     0.9000     45.0    -45.0  bpcal        2    -0.9680    0.0000    -0.0592    0.0000      1
REF_2300-28                 5815  square_6x6          1272.5     0.9000     45.0    -45.0  bpcal        3    -0.9626    0.0000    -0.0729    0.0000      1
REF_2300-28                 5815  square_6x6          1272.5     0.9000     45.0    -45.0  bpcal        4    -0.9585    0.0000    -0.2905    0.0000      1
REF_2300-28                 5815  square_6x6          1272.5     0.9000     45.0    -45.0  bpcal        5    -0.9710    0.0000    +0.0196    0.0000      1
REF_2300-28                 5815  square_6x6          1272.5     0.9000     45.0    -45.0  bpcal        6    -0.9758    0.0000    +0.3530    0.0000      1
REF_2300-28                 5815  square_6x6          1272.5     0.9000     45.0    -45.0  bpcal        7    -0.9616    0.0000    +0.1643    0.0000      1
REF_2300-28                 5815  square_6x6          1272.5     0.9000     45.0    -45.0  bpcal        8    -0.9633    0.0000    +0.3764    0.0000      1
REF_2300-28                 5815  square_6x6          1272.5     0.9000     45.0    -45.0  bpcal        9    -0.9577    0.0000    +0.0431    0.0000      1
REF_2300-28                 5815  square_6x6          1272.5     0.9000     45.0    -45.0  bpcal       10    -0.9712    0.0000    +0.0840    0.0000      1
REF_2300-28                 5815  square_6x6          1272.5     0.9000     45.0    -45.0  bpcal       11    -0.9631    0.0000    -0.1268    0.0000      1
REF_2300-28                 5815  square_6x6          1272.5     0.9000     45.0    -45.0  bpcal       12    -0.9595    0.0000    +0.1815    0.0000      1
REF_2300-28                 5815  square_6x6          1272.5     0.9000     45.0    -45.0  bpcal       13    -0.9700    0.0000    +0.2790    0.0000      1
REF_2300-28                 5815  square_6x6          1272.5     0.9000     45.0    -45.0  bpcal       14    -0.9726    0.0000    +0.4804    0.0000      1
REF_2300-28                 5815  square_6x6          1272.5     0.9000     45.0    -45.0  bpcal       15    -0.9544    0.0000    -0.0874    0.0000      1
REF_2300-28                 5815  square_6x6          1272.5     0.9000     45.0    -45.0  bpcal       16    -0.9305    0.0000    +0.3668    0.0000      1
REF_2300-28                 5815  square_6x6          1272.5     0.9000     45.0    -45.0  bpcal       17    -0.9462    0.0000    +1.0739    0.0000      1
REF_2300-28                 5815  square_6x6          1272.5     0.9000     45.0    -45.0  bpcal       18    -0.9513    0.0000    +0.1364    0.0000      1
REF_2300-28                 5815  square_6x6          1272.5     0.9000     45.0    -45.0  bpcal       19    -0.9717    0.0000    +0.0755    0.0000      1
REF_2300-28                 5815  square_6x6          1272.5     0.9000     45.0    -45.0  bpcal       20    -0.9587    0.0000    -0.5950    0.0000      1
REF_2300-28                 5815  square_6x6          1272.5     0.9000     45.0    -45.0  bpcal       21    -0.9550    0.0000    -0.3979    0.0000      1
REF_2300-28                 5815  square_6x6          1272.5     0.9000     45.0    -45.0  bpcal       22    -0.9635    0.0000    -0.5087    0.0000      1
REF_2300-28                 5815  square_6x6          1272.5     0.9000     45.0    -45.0  bpcal       23    -0.9857    0.0000    -0.0980    0.0000      1
REF_2300-28                 5815  square_6x6          1272.5     0.9000     45.0    -45.0  bpcal       24    -0.9650    0.0000    -0.1329    0.0000      1
REF_2300-28                 5815  square_6x6          1272.5     0.9000     45.0    -45.0  bpcal       25    -0.9737    0.0000    +1.2290    0.0000      1
REF_2300-28                 5815  square_6x6          1272.5     0.9000     45.0    -45.0  bpcal       26    -0.9872    0.0000    +0.7325    0.0000      1
REF_2300-28                 5815  square_6x6          1272.5     0.9000     45.0    -45.0  bpcal       27    -0.9766    0.0000    +1.2713    0.0000      1
REF_2300-28                 5815  square_6x6          1272.5     0.9000     45.0    -45.0  bpcal       28    -0.9701    0.0000    +0.9362    0.0000      1
REF_2300-28                 5815  square_6x6          1272.5     0.9000     45.0    -45.0  bpcal       29    -0.9634    0.0000    +0.4875    0.0000      1
REF_2300-28                 5815  square_6x6          1272.5     0.9000     45.0    -45.0  bpcal       30    -0.9608    0.0000    -0.5402    0.0000      1
REF_2300-28                 5815  square_6x6          1272.5     0.9000     45.0    -45.0  bpcal       31    -0.9624    0.0000    +0.1865    0.0000      1
REF_2300-28                 5815  square_6x6          1272.5     0.9000     45.0    -45.0  bpcal       32    -0.9605    0.0000    -0.3803    0.0000      1
REF_2300-28                 5815  square_6x6          1272.5     0.9000     45.0    -45.0  bpcal       33    -0.9634    0.0000    -0.3604    0.0000      1
REF_2300-28                 5815  square_6x6          1272.5     0.9000     45.0    -45.0  bpcal       34    -0.9584    0.0000    -0.0351    0.0000      1
REF_2300-28                 5815  square_6x6          1272.5     0.9000     45.0    -45.0  bpcal       35    -0.9570    0.0000    +1.5946    0.0000      1

REF_2300-28                 5815  square_6x6          1272.5     0.9000     45.0    -45.0  lcal         0    -0.9821    0.0000    -0.0032    0.0000      1
REF_2300-28                 5815  square_6x6          1272.5     0.9000     45.0    -45.0  lcal         1    -0.9684    0.0000    -0.0004    0.0000      1
REF_2300-28                 5815  square_6x6          1272.5     0.9000     45.0    -45.0  lcal         2    -0.9684    0.0000    +0.0003    0.0000      1
REF_2300-28                 5815  square_6x6          1272.5     0.9000     45.0    -45.0  lcal         3    -0.9694    0.0000    -0.0022    0.0000      1
REF_2300-28                 5815  square_6x6          1272.5     0.9000     45.0    -45.0  lcal         4    -0.9671    0.0000    +0.0002    0.0000      1
REF_2300-28                 5815  square_6x6          1272.5     0.9000     45.0    -45.0  lcal         5    -0.9779    0.0000    -0.0010    0.0000      1
REF_2300-28                 5815  square_6x6          1272.5     0.9000     45.0    -45.0  lcal         6    -0.9806    0.0000    -0.0010    0.0000      1
REF_2300-28                 5815  square_6x6          1272.5     0.9000     45.0    -45.0  lcal         7    -0.9673    0.0000    +0.0006    0.0000      1
REF_2300-28                 5815  square_6x6          1272.5     0.9000     45.0    -45.0  lcal         8    -0.9686    0.0000    +0.0008    0.0000      1
REF_2300-28                 5815  square_6x6          1272.5     0.9000     45.0    -45.0  lcal         9    -0.9649    0.0000    +0.0007    0.0000      1
REF_2300-28                 5815  square_6x6          1272.5     0.9000     45.0    -45.0  lcal        10    -0.9816    0.0000    +0.0030    0.0000      1
REF_2300-28                 5815  square_6x6          1272.5     0.9000     45.0    -45.0  lcal        11    -0.9710    0.0000    -0.0001    0.0000      1
REF_2300-28                 5815  square_6x6          1272.5     0.9000     45.0    -45.0  lcal        12    -0.9664    0.0000    -0.0017    0.0000      1
REF_2300-28                 5815  square_6x6          1272.5     0.9000     45.0    -45.0  lcal        13    -0.9728    0.0000    +0.0000    0.0000      1
REF_2300-28                 5815  square_6x6          1272.5     0.9000     45.0    -45.0  lcal        14    -0.9815    0.0000    -0.0001    0.0000      1
REF_2300-28                 5815  square_6x6          1272.5     0.9000     45.0    -45.0  lcal        15    -0.9620    0.0000    -0.0021    0.0000      1
REF_2300-28                 5815  square_6x6          1272.5     0.9000     45.0    -45.0  lcal        16    -0.9344    0.0000    -0.0060    0.0000      1
REF_2300-28                 5815  square_6x6          1272.5     0.9000     45.0    -45.0  lcal        17    -0.9473    0.0000    +0.0025    0.0000      1
REF_2300-28                 5815  square_6x6          1272.5     0.9000     45.0    -45.0  lcal        18    -0.9558    0.0000    +0.0012    0.0000      1
REF_2300-28                 5815  square_6x6          1272.5     0.9000     45.0    -45.0  lcal        19    -0.9731    0.0000    +0.0016    0.0000      1
REF_2300-28                 5815  square_6x6          1272.5     0.9000     45.0    -45.0  lcal        20    -0.9649    0.0000    -0.0029    0.0000      1
REF_2300-28                 5815  square_6x6          1272.5     0.9000     45.0    -45.0  lcal        21    -0.9584    0.0000    +0.0014    0.0000      1
REF_2300-28                 5815  square_6x6          1272.5     0.9000     45.0    -45.0  lcal        22    -0.9658    0.0000    -0.0038    0.0000      1
REF_2300-28                 5815  square_6x6          1272.5     0.9000     45.0    -45.0  lcal        23    -0.9907    0.0000    +0.0000    0.0000      1
REF_2300-28                 5815  square_6x6          1272.5     0.9000     45.0    -45.0  lcal        24    -0.9651    0.0000    -0.0004    0.0000      1
REF_2300-28                 5815  square_6x6          1272.5     0.9000     45.0    -45.0  lcal        25    -0.9866    0.0000    +0.0041    0.0000      1
REF_2300-28                 5815  square_6x6          1272.5     0.9000     45.0    -45.0  lcal        26    -0.9945    0.0000    -0.0019    0.0000      1
REF_2300-28                 5815  square_6x6          1272.5     0.9000     45.0    -45.0  lcal        27    -0.9881    0.0000    +0.0062    0.0000      1
REF_2300-28                 5815  square_6x6          1272.5     0.9000     45.0    -45.0  lcal        28    -0.9728    0.0000    +0.0176    0.0000      1
REF_2300-28                 5815  square_6x6          1272.5     0.9000     45.0    -45.0  lcal        29    -0.9674    0.0000    +0.0031    0.0000      1
REF_2300-28                 5815  square_6x6          1272.5     0.9000     45.0    -45.0  lcal        30    -0.9638    0.0000    +0.0000    0.0000      1
REF_2300-28                 5815  square_6x6          1272.5     0.9000     45.0    -45.0  lcal        31    -0.9622    0.0000    +0.0060    0.0000      1
REF_2300-28                 5815  square_6x6          1272.5     0.9000     45.0    -45.0  lcal        32    -0.9630    0.0000    -0.0008    0.0000      1
REF_2300-28                 5815  square_6x6          1272.5     0.9000     45.0    -45.0  lcal        33    -0.9676    0.0000    +0.0011    0.0000      1
REF_2300-28                 5815  square_6x6          1272.5     0.9000     45.0    -45.0  lcal        34    -0.9599    0.0000    +0.0006    0.0000      1
REF_2300-28                 5815  square_6x6          1272.5     0.9000     45.0    -45.0  lcal        35    -0.9626    0.0000    +0.0074    0.0000      1

