# dQ/dU per-beam mean correction factors
# Generated  : 2026-06-01 15:37
# Source CSV : /Users/raj030/DATA/reffield-average/ref_ws-5316-spectra-from-gsm/leakage_master_table.csv
# Selection  : manifest indices 1–13, excl '24-29'
# SB_REFs    : 13 contributing observations
# Ref WS     : 5316  (weights.ref_ws, holography SB)
# Footprint  : closepack36
# Centre Freq: 920.5 MHz
# Pitch      : 0.9 deg
# Rotation   : 45.0 deg
# Pol Axis   : -45.0 deg (pa_fixed)
#
# Lookup usage:
#   grep 'REF_1324-28.*bpcal.*  12 ' dq_du_correction_factors.txt
#
# Columns:
#   field       reference field name
#   ref_ws      holography solution (weights.ref_ws); use as merge key when appending manifests
#   footprint   beam footprint name (from schedblock metadata)
#   freq_MHz    beamformer centre frequency (MHz)
#   pitch_deg   beam footprint pitch (degrees)
#   rot_deg     footprint rotation angle (degrees)
#   pol_deg     polarisation axis angle (degrees, pa_fixed)
#   variant     calibration variant  (bpcal | lcal)
#   beam        beam index  (0–35)
#   mean_dQ     mean signed dQ/I (%) across all SB_REF × ODC observations
#   std_dQ      standard deviation of dQ/I (%)
#   mean_dU     mean signed dU/I (%) across all SB_REF × ODC observations
#   std_dU      standard deviation of dU/I (%)
#   n_obs       number of (SB_REF, ODC) data rows for this beam
#
field                     ref_ws  footprint         freq_MHz  pitch_deg  rot_deg  pol_deg  variant   beam    mean_dQ    std_dQ    mean_dU    std_dU  n_obs
----------------------------------------------------------------------------------------------------------------------------------------------------------
REF_0236-28                 5316  closepack36          920.5     0.9000     45.0    -45.0  bpcal        0    +1.0220    0.0000    -1.6411    0.0000      1
REF_0236-28                 5316  closepack36          920.5     0.9000     45.0    -45.0  bpcal        1    +0.7002    0.0000    +0.2461    0.0000      1
REF_0236-28                 5316  closepack36          920.5     0.9000     45.0    -45.0  bpcal        2    -1.2550    0.0000    -0.1338    0.0000      1
REF_0236-28                 5316  closepack36          920.5     0.9000     45.0    -45.0  bpcal        3    -0.5607    0.0000    +0.2887    0.0000      1
REF_0236-28                 5316  closepack36          920.5     0.9000     45.0    -45.0  bpcal        4    +0.0316    0.0000    +0.3798    0.0000      1
REF_0236-28                 5316  closepack36          920.5     0.9000     45.0    -45.0  bpcal        5    -0.2233    0.0000    +0.5684    0.0000      1
REF_0236-28                 5316  closepack36          920.5     0.9000     45.0    -45.0  bpcal        6    +0.4643    0.0000    +0.0600    0.0000      1
REF_0236-28                 5316  closepack36          920.5     0.9000     45.0    -45.0  bpcal        7    -0.0212    0.0000    -0.5802    0.0000      1
REF_0236-28                 5316  closepack36          920.5     0.9000     45.0    -45.0  bpcal        8    -0.1689    0.0000    +0.0112    0.0000      1
REF_0236-28                 5316  closepack36          920.5     0.9000     45.0    -45.0  bpcal        9    +0.0250    0.0000    +0.4470    0.0000      1
REF_0236-28                 5316  closepack36          920.5     0.9000     45.0    -45.0  bpcal       10    +0.2421    0.0000    +0.6358    0.0000      1
REF_0236-28                 5316  closepack36          920.5     0.9000     45.0    -45.0  bpcal       11    -0.5730    0.0000    +0.3503    0.0000      1
REF_0236-28                 5316  closepack36          920.5     0.9000     45.0    -45.0  bpcal       12    -0.1202    0.0000    +0.1105    0.0000      1
REF_0236-28                 5316  closepack36          920.5     0.9000     45.0    -45.0  bpcal       13    +0.1037    0.0000    -0.0218    0.0000      1
REF_0236-28                 5316  closepack36          920.5     0.9000     45.0    -45.0  bpcal       14    -0.1286    0.0000    +0.1710    0.0000      1
REF_0236-28                 5316  closepack36          920.5     0.9000     45.0    -45.0  bpcal       15    -0.1042    0.0000    -0.0533    0.0000      1
REF_0236-28                 5316  closepack36          920.5     0.9000     45.0    -45.0  bpcal       16    +1.0941    0.0000    +0.1822    0.0000      1
REF_0236-28                 5316  closepack36          920.5     0.9000     45.0    -45.0  bpcal       17    +1.2429    0.0000    -0.0159    0.0000      1
REF_0236-28                 5316  closepack36          920.5     0.9000     45.0    -45.0  bpcal       18    -1.4966    0.0000    +0.1434    0.0000      1
REF_0236-28                 5316  closepack36          920.5     0.9000     45.0    -45.0  bpcal       19    -1.9790    0.0000    +0.3513    0.0000      1
REF_0236-28                 5316  closepack36          920.5     0.9000     45.0    -45.0  bpcal       20    -1.1137    0.0000    -0.0720    0.0000      1
REF_0236-28                 5316  closepack36          920.5     0.9000     45.0    -45.0  bpcal       21    +0.4656    0.0000    -0.0944    0.0000      1
REF_0236-28                 5316  closepack36          920.5     0.9000     45.0    -45.0  bpcal       22    +0.9640    0.0000    -0.2632    0.0000      1
REF_0236-28                 5316  closepack36          920.5     0.9000     45.0    -45.0  bpcal       23    +0.6650    0.0000    -0.1691    0.0000      1
REF_0236-28                 5316  closepack36          920.5     0.9000     45.0    -45.0  bpcal       24    +1.0323    0.0000    +0.3026    0.0000      1
REF_0236-28                 5316  closepack36          920.5     0.9000     45.0    -45.0  bpcal       25    -1.8923    0.0000    +0.3487    0.0000      1
REF_0236-28                 5316  closepack36          920.5     0.9000     45.0    -45.0  bpcal       26    -2.0177    0.0000    +0.2085    0.0000      1
REF_0236-28                 5316  closepack36          920.5     0.9000     45.0    -45.0  bpcal       27    +0.0013    0.0000    -0.1754    0.0000      1
REF_0236-28                 5316  closepack36          920.5     0.9000     45.0    -45.0  bpcal       28    +0.0903    0.0000    -0.7103    0.0000      1
REF_0236-28                 5316  closepack36          920.5     0.9000     45.0    -45.0  bpcal       29    +0.0799    0.0000    -0.0063    0.0000      1
REF_0236-28                 5316  closepack36          920.5     0.9000     45.0    -45.0  bpcal       30    -0.3631    0.0000    +0.2839    0.0000      1
REF_0236-28                 5316  closepack36          920.5     0.9000     45.0    -45.0  bpcal       31    -0.4990    0.0000    +0.0942    0.0000      1
REF_0236-28                 5316  closepack36          920.5     0.9000     45.0    -45.0  bpcal       32    +0.2430    0.0000    -0.0109    0.0000      1
REF_0236-28                 5316  closepack36          920.5     0.9000     45.0    -45.0  bpcal       33    +0.1397    0.0000    -0.3242    0.0000      1
REF_0236-28                 5316  closepack36          920.5     0.9000     45.0    -45.0  bpcal       34    +0.4197    0.0000    +0.1464    0.0000      1
REF_0236-28                 5316  closepack36          920.5     0.9000     45.0    -45.0  bpcal       35    +0.6066    0.0000    -1.5149    0.0000      1

REF_0236-28                 5316  closepack36          920.5     0.9000     45.0    -45.0  lcal         0    +0.9854    0.0000    +0.2139    0.0000      1
REF_0236-28                 5316  closepack36          920.5     0.9000     45.0    -45.0  lcal         1    +0.6958    0.0000    +0.0700    0.0000      1
REF_0236-28                 5316  closepack36          920.5     0.9000     45.0    -45.0  lcal         2    -1.2483    0.0000    +0.0181    0.0000      1
REF_0236-28                 5316  closepack36          920.5     0.9000     45.0    -45.0  lcal         3    -0.5856    0.0000    +0.0064    0.0000      1
REF_0236-28                 5316  closepack36          920.5     0.9000     45.0    -45.0  lcal         4    +0.0335    0.0000    +0.0019    0.0000      1
REF_0236-28                 5316  closepack36          920.5     0.9000     45.0    -45.0  lcal         5    -0.2357    0.0000    -0.0891    0.0000      1
REF_0236-28                 5316  closepack36          920.5     0.9000     45.0    -45.0  lcal         6    +0.4420    0.0000    +0.0957    0.0000      1
REF_0236-28                 5316  closepack36          920.5     0.9000     45.0    -45.0  lcal         7    -0.0178    0.0000    +0.0783    0.0000      1
REF_0236-28                 5316  closepack36          920.5     0.9000     45.0    -45.0  lcal         8    -0.1892    0.0000    +0.0274    0.0000      1
REF_0236-28                 5316  closepack36          920.5     0.9000     45.0    -45.0  lcal         9    +0.0212    0.0000    -0.0132    0.0000      1
REF_0236-28                 5316  closepack36          920.5     0.9000     45.0    -45.0  lcal        10    +0.2390    0.0000    -0.0514    0.0000      1
REF_0236-28                 5316  closepack36          920.5     0.9000     45.0    -45.0  lcal        11    -0.5668    0.0000    -0.1022    0.0000      1
REF_0236-28                 5316  closepack36          920.5     0.9000     45.0    -45.0  lcal        12    -0.1066    0.0000    +0.0941    0.0000      1
REF_0236-28                 5316  closepack36          920.5     0.9000     45.0    -45.0  lcal        13    +0.1049    0.0000    +0.1211    0.0000      1
REF_0236-28                 5316  closepack36          920.5     0.9000     45.0    -45.0  lcal        14    -0.1320    0.0000    +0.1460    0.0000      1
REF_0236-28                 5316  closepack36          920.5     0.9000     45.0    -45.0  lcal        15    -0.1175    0.0000    +0.0381    0.0000      1
REF_0236-28                 5316  closepack36          920.5     0.9000     45.0    -45.0  lcal        16    +1.0921    0.0000    -0.0681    0.0000      1
REF_0236-28                 5316  closepack36          920.5     0.9000     45.0    -45.0  lcal        17    +1.2422    0.0000    -0.0822    0.0000      1
REF_0236-28                 5316  closepack36          920.5     0.9000     45.0    -45.0  lcal        18    -1.5022    0.0000    +0.0519    0.0000      1
REF_0236-28                 5316  closepack36          920.5     0.9000     45.0    -45.0  lcal        19    -1.9665    0.0000    +0.0815    0.0000      1
REF_0236-28                 5316  closepack36          920.5     0.9000     45.0    -45.0  lcal        20    -1.1124    0.0000    +0.0638    0.0000      1
REF_0236-28                 5316  closepack36          920.5     0.9000     45.0    -45.0  lcal        21    +0.4624    0.0000    -0.0269    0.0000      1
REF_0236-28                 5316  closepack36          920.5     0.9000     45.0    -45.0  lcal        22    +0.9624    0.0000    -0.0366    0.0000      1
REF_0236-28                 5316  closepack36          920.5     0.9000     45.0    -45.0  lcal        23    +0.6690    0.0000    -0.1031    0.0000      1
REF_0236-28                 5316  closepack36          920.5     0.9000     45.0    -45.0  lcal        24    +1.0179    0.0000    -0.0101    0.0000      1
REF_0236-28                 5316  closepack36          920.5     0.9000     45.0    -45.0  lcal        25    -1.8877    0.0000    -0.0039    0.0000      1
REF_0236-28                 5316  closepack36          920.5     0.9000     45.0    -45.0  lcal        26    -2.0099    0.0000    -0.0108    0.0000      1
REF_0236-28                 5316  closepack36          920.5     0.9000     45.0    -45.0  lcal        27    +0.0195    0.0000    -0.0238    0.0000      1
REF_0236-28                 5316  closepack36          920.5     0.9000     45.0    -45.0  lcal        28    +0.1054    0.0000    -0.0103    0.0000      1
REF_0236-28                 5316  closepack36          920.5     0.9000     45.0    -45.0  lcal        29    +0.0898    0.0000    -0.0411    0.0000      1
REF_0236-28                 5316  closepack36          920.5     0.9000     45.0    -45.0  lcal        30    -0.3620    0.0000    -0.1770    0.0000      1
REF_0236-28                 5316  closepack36          920.5     0.9000     45.0    -45.0  lcal        31    -0.5088    0.0000    -0.0711    0.0000      1
REF_0236-28                 5316  closepack36          920.5     0.9000     45.0    -45.0  lcal        32    +0.2409    0.0000    -0.0579    0.0000      1
REF_0236-28                 5316  closepack36          920.5     0.9000     45.0    -45.0  lcal        33    +0.1527    0.0000    -0.0372    0.0000      1
REF_0236-28                 5316  closepack36          920.5     0.9000     45.0    -45.0  lcal        34    +0.4093    0.0000    -0.0550    0.0000      1
REF_0236-28                 5316  closepack36          920.5     0.9000     45.0    -45.0  lcal        35    +0.5876    0.0000    -0.2179    0.0000      1

REF_0324-28                 5316  closepack36          920.5     0.9000     45.0    -45.0  bpcal        0    +0.6224    0.0000    -1.6539    0.0000      1
REF_0324-28                 5316  closepack36          920.5     0.9000     45.0    -45.0  bpcal        1    +0.2401    0.0000    +0.2339    0.0000      1
REF_0324-28                 5316  closepack36          920.5     0.9000     45.0    -45.0  bpcal        2    -0.1072    0.0000    -0.1385    0.0000      1
REF_0324-28                 5316  closepack36          920.5     0.9000     45.0    -45.0  bpcal        3    -0.2715    0.0000    +0.2597    0.0000      1
REF_0324-28                 5316  closepack36          920.5     0.9000     45.0    -45.0  bpcal        4    -0.3761    0.0000    +0.3597    0.0000      1
REF_0324-28                 5316  closepack36          920.5     0.9000     45.0    -45.0  bpcal        5    +0.9403    0.0000    +0.5476    0.0000      1
REF_0324-28                 5316  closepack36          920.5     0.9000     45.0    -45.0  bpcal        6    -0.4910    0.0000    +0.0515    0.0000      1
REF_0324-28                 5316  closepack36          920.5     0.9000     45.0    -45.0  bpcal        7    -0.4589    0.0000    -0.5907    0.0000      1
REF_0324-28                 5316  closepack36          920.5     0.9000     45.0    -45.0  bpcal        8    -0.0904    0.0000    +0.0275    0.0000      1
REF_0324-28                 5316  closepack36          920.5     0.9000     45.0    -45.0  bpcal        9    -0.6398    0.0000    +0.4435    0.0000      1
REF_0324-28                 5316  closepack36          920.5     0.9000     45.0    -45.0  bpcal       10    -0.4318    0.0000    +0.6303    0.0000      1
REF_0324-28                 5316  closepack36          920.5     0.9000     45.0    -45.0  bpcal       11    +0.1116    0.0000    +0.3234    0.0000      1
REF_0324-28                 5316  closepack36          920.5     0.9000     45.0    -45.0  bpcal       12    +1.4823    0.0000    +0.0875    0.0000      1
REF_0324-28                 5316  closepack36          920.5     0.9000     45.0    -45.0  bpcal       13    +1.6600    0.0000    -0.0366    0.0000      1
REF_0324-28                 5316  closepack36          920.5     0.9000     45.0    -45.0  bpcal       14    +1.2322    0.0000    +0.1805    0.0000      1
REF_0324-28                 5316  closepack36          920.5     0.9000     45.0    -45.0  bpcal       15    -0.6911    0.0000    -0.0448    0.0000      1
REF_0324-28                 5316  closepack36          920.5     0.9000     45.0    -45.0  bpcal       16    -0.6541    0.0000    +0.1723    0.0000      1
REF_0324-28                 5316  closepack36          920.5     0.9000     45.0    -45.0  bpcal       17    -1.0242    0.0000    -0.0367    0.0000      1
REF_0324-28                 5316  closepack36          920.5     0.9000     45.0    -45.0  bpcal       18    +0.7370    0.0000    +0.1360    0.0000      1
REF_0324-28                 5316  closepack36          920.5     0.9000     45.0    -45.0  bpcal       19    +1.4505    0.0000    +0.3416    0.0000      1
REF_0324-28                 5316  closepack36          920.5     0.9000     45.0    -45.0  bpcal       20    +0.4172    0.0000    -0.0751    0.0000      1
REF_0324-28                 5316  closepack36          920.5     0.9000     45.0    -45.0  bpcal       21    -0.2330    0.0000    -0.0971    0.0000      1
REF_0324-28                 5316  closepack36          920.5     0.9000     45.0    -45.0  bpcal       22    -0.1678    0.0000    -0.2812    0.0000      1
REF_0324-28                 5316  closepack36          920.5     0.9000     45.0    -45.0  bpcal       23    +0.2147    0.0000    -0.1760    0.0000      1
REF_0324-28                 5316  closepack36          920.5     0.9000     45.0    -45.0  bpcal       24    -0.5491    0.0000    +0.3014    0.0000      1
REF_0324-28                 5316  closepack36          920.5     0.9000     45.0    -45.0  bpcal       25    +0.0446    0.0000    +0.3452    0.0000      1
REF_0324-28                 5316  closepack36          920.5     0.9000     45.0    -45.0  bpcal       26    +0.8958    0.0000    +0.2083    0.0000      1
REF_0324-28                 5316  closepack36          920.5     0.9000     45.0    -45.0  bpcal       27    +0.7429    0.0000    -0.1746    0.0000      1
REF_0324-28                 5316  closepack36          920.5     0.9000     45.0    -45.0  bpcal       28    -0.2751    0.0000    -0.7210    0.0000      1
REF_0324-28                 5316  closepack36          920.5     0.9000     45.0    -45.0  bpcal       29    -0.4833    0.0000    -0.0147    0.0000      1
REF_0324-28                 5316  closepack36          920.5     0.9000     45.0    -45.0  bpcal       30    -0.2577    0.0000    +0.2862    0.0000      1
REF_0324-28                 5316  closepack36          920.5     0.9000     45.0    -45.0  bpcal       31    +0.0701    0.0000    +0.0924    0.0000      1
REF_0324-28                 5316  closepack36          920.5     0.9000     45.0    -45.0  bpcal       32    +0.1345    0.0000    -0.0095    0.0000      1
REF_0324-28                 5316  closepack36          920.5     0.9000     45.0    -45.0  bpcal       33    -0.3034    0.0000    -0.3301    0.0000      1
REF_0324-28                 5316  closepack36          920.5     0.9000     45.0    -45.0  bpcal       34    -0.5195    0.0000    +0.1462    0.0000      1
REF_0324-28                 5316  closepack36          920.5     0.9000     45.0    -45.0  bpcal       35    -0.9005    0.0000    -1.5415    0.0000      1

REF_0324-28                 5316  closepack36          920.5     0.9000     45.0    -45.0  lcal         0    +0.5846    0.0000    +0.2181    0.0000      1
REF_0324-28                 5316  closepack36          920.5     0.9000     45.0    -45.0  lcal         1    +0.2102    0.0000    +0.0700    0.0000      1
REF_0324-28                 5316  closepack36          920.5     0.9000     45.0    -45.0  lcal         2    -0.0976    0.0000    +0.0163    0.0000      1
REF_0324-28                 5316  closepack36          920.5     0.9000     45.0    -45.0  lcal         3    -0.2875    0.0000    +0.0036    0.0000      1
REF_0324-28                 5316  closepack36          920.5     0.9000     45.0    -45.0  lcal         4    -0.3781    0.0000    +0.0141    0.0000      1
REF_0324-28                 5316  closepack36          920.5     0.9000     45.0    -45.0  lcal         5    +0.9278    0.0000    -0.0901    0.0000      1
REF_0324-28                 5316  closepack36          920.5     0.9000     45.0    -45.0  lcal         6    -0.4995    0.0000    +0.1061    0.0000      1
REF_0324-28                 5316  closepack36          920.5     0.9000     45.0    -45.0  lcal         7    -0.4764    0.0000    +0.0703    0.0000      1
REF_0324-28                 5316  closepack36          920.5     0.9000     45.0    -45.0  lcal         8    -0.1107    0.0000    +0.0279    0.0000      1
REF_0324-28                 5316  closepack36          920.5     0.9000     45.0    -45.0  lcal         9    -0.6493    0.0000    -0.0155    0.0000      1
REF_0324-28                 5316  closepack36          920.5     0.9000     45.0    -45.0  lcal        10    -0.4346    0.0000    -0.0499    0.0000      1
REF_0324-28                 5316  closepack36          920.5     0.9000     45.0    -45.0  lcal        11    +0.1137    0.0000    -0.1108    0.0000      1
REF_0324-28                 5316  closepack36          920.5     0.9000     45.0    -45.0  lcal        12    +1.4867    0.0000    +0.1060    0.0000      1
REF_0324-28                 5316  closepack36          920.5     0.9000     45.0    -45.0  lcal        13    +1.6781    0.0000    +0.1302    0.0000      1
REF_0324-28                 5316  closepack36          920.5     0.9000     45.0    -45.0  lcal        14    +1.2492    0.0000    +0.1496    0.0000      1
REF_0324-28                 5316  closepack36          920.5     0.9000     45.0    -45.0  lcal        15    -0.6919    0.0000    +0.0330    0.0000      1
REF_0324-28                 5316  closepack36          920.5     0.9000     45.0    -45.0  lcal        16    -0.6621    0.0000    -0.0690    0.0000      1
REF_0324-28                 5316  closepack36          920.5     0.9000     45.0    -45.0  lcal        17    -1.0218    0.0000    -0.0828    0.0000      1
REF_0324-28                 5316  closepack36          920.5     0.9000     45.0    -45.0  lcal        18    +0.7285    0.0000    +0.0519    0.0000      1
REF_0324-28                 5316  closepack36          920.5     0.9000     45.0    -45.0  lcal        19    +1.4552    0.0000    +0.0815    0.0000      1
REF_0324-28                 5316  closepack36          920.5     0.9000     45.0    -45.0  lcal        20    +0.3955    0.0000    +0.0579    0.0000      1
REF_0324-28                 5316  closepack36          920.5     0.9000     45.0    -45.0  lcal        21    -0.2373    0.0000    -0.0208    0.0000      1
REF_0324-28                 5316  closepack36          920.5     0.9000     45.0    -45.0  lcal        22    -0.1703    0.0000    -0.0313    0.0000      1
REF_0324-28                 5316  closepack36          920.5     0.9000     45.0    -45.0  lcal        23    +0.2120    0.0000    -0.1014    0.0000      1
REF_0324-28                 5316  closepack36          920.5     0.9000     45.0    -45.0  lcal        24    -0.5722    0.0000    -0.0131    0.0000      1
REF_0324-28                 5316  closepack36          920.5     0.9000     45.0    -45.0  lcal        25    +0.0273    0.0000    -0.0055    0.0000      1
REF_0324-28                 5316  closepack36          920.5     0.9000     45.0    -45.0  lcal        26    +0.8823    0.0000    -0.0126    0.0000      1
REF_0324-28                 5316  closepack36          920.5     0.9000     45.0    -45.0  lcal        27    +0.7267    0.0000    -0.0229    0.0000      1
REF_0324-28                 5316  closepack36          920.5     0.9000     45.0    -45.0  lcal        28    -0.2892    0.0000    -0.0064    0.0000      1
REF_0324-28                 5316  closepack36          920.5     0.9000     45.0    -45.0  lcal        29    -0.4955    0.0000    -0.0410    0.0000      1
REF_0324-28                 5316  closepack36          920.5     0.9000     45.0    -45.0  lcal        30    -0.2892    0.0000    -0.1647    0.0000      1
REF_0324-28                 5316  closepack36          920.5     0.9000     45.0    -45.0  lcal        31    +0.0597    0.0000    -0.0751    0.0000      1
REF_0324-28                 5316  closepack36          920.5     0.9000     45.0    -45.0  lcal        32    +0.1368    0.0000    -0.0610    0.0000      1
REF_0324-28                 5316  closepack36          920.5     0.9000     45.0    -45.0  lcal        33    -0.2839    0.0000    -0.0364    0.0000      1
REF_0324-28                 5316  closepack36          920.5     0.9000     45.0    -45.0  lcal        34    -0.5096    0.0000    -0.0539    0.0000      1
REF_0324-28                 5316  closepack36          920.5     0.9000     45.0    -45.0  lcal        35    -0.9153    0.0000    -0.2230    0.0000      1

REF_0524-28                 5316  closepack36          920.5     0.9000     45.0    -45.0  bpcal        0    +0.5803    0.0000    -1.6519    0.0000      1
REF_0524-28                 5316  closepack36          920.5     0.9000     45.0    -45.0  bpcal        1    +0.6896    0.0000    +0.2397    0.0000      1
REF_0524-28                 5316  closepack36          920.5     0.9000     45.0    -45.0  bpcal        2    -0.1613    0.0000    -0.1372    0.0000      1
REF_0524-28                 5316  closepack36          920.5     0.9000     45.0    -45.0  bpcal        3    -0.1488    0.0000    +0.2690    0.0000      1
REF_0524-28                 5316  closepack36          920.5     0.9000     45.0    -45.0  bpcal        4    -0.7604    0.0000    +0.3588    0.0000      1
REF_0524-28                 5316  closepack36          920.5     0.9000     45.0    -45.0  bpcal        5    -0.9320    0.0000    +0.5417    0.0000      1
REF_0524-28                 5316  closepack36          920.5     0.9000     45.0    -45.0  bpcal        6    +0.3377    0.0000    +0.0656    0.0000      1
REF_0524-28                 5316  closepack36          920.5     0.9000     45.0    -45.0  bpcal        7    -0.4185    0.0000    -0.5717    0.0000      1
REF_0524-28                 5316  closepack36          920.5     0.9000     45.0    -45.0  bpcal        8    -0.0705    0.0000    +0.0193    0.0000      1
REF_0524-28                 5316  closepack36          920.5     0.9000     45.0    -45.0  bpcal        9    +0.2440    0.0000    +0.4423    0.0000      1
REF_0524-28                 5316  closepack36          920.5     0.9000     45.0    -45.0  bpcal       10    +0.5809    0.0000    +0.6295    0.0000      1
REF_0524-28                 5316  closepack36          920.5     0.9000     45.0    -45.0  bpcal       11    +1.1643    0.0000    +0.3190    0.0000      1
REF_0524-28                 5316  closepack36          920.5     0.9000     45.0    -45.0  bpcal       12    -1.2802    0.0000    +0.0893    0.0000      1
REF_0524-28                 5316  closepack36          920.5     0.9000     45.0    -45.0  bpcal       13    -0.2817    0.0000    -0.0305    0.0000      1
REF_0524-28                 5316  closepack36          920.5     0.9000     45.0    -45.0  bpcal       14    -0.0886    0.0000    +0.1710    0.0000      1
REF_0524-28                 5316  closepack36          920.5     0.9000     45.0    -45.0  bpcal       15    -0.5873    0.0000    -0.0399    0.0000      1
REF_0524-28                 5316  closepack36          920.5     0.9000     45.0    -45.0  bpcal       16    -0.0484    0.0000    +0.1751    0.0000      1
REF_0524-28                 5316  closepack36          920.5     0.9000     45.0    -45.0  bpcal       17    +0.4335    0.0000    -0.0251    0.0000      1
REF_0524-28                 5316  closepack36          920.5     0.9000     45.0    -45.0  bpcal       18    +0.2386    0.0000    +0.1429    0.0000      1
REF_0524-28                 5316  closepack36          920.5     0.9000     45.0    -45.0  bpcal       19    +0.4748    0.0000    +0.3532    0.0000      1
REF_0524-28                 5316  closepack36          920.5     0.9000     45.0    -45.0  bpcal       20    -0.4586    0.0000    -0.0717    0.0000      1
REF_0524-28                 5316  closepack36          920.5     0.9000     45.0    -45.0  bpcal       21    +0.0090    0.0000    -0.0986    0.0000      1
REF_0524-28                 5316  closepack36          920.5     0.9000     45.0    -45.0  bpcal       22    -0.1356    0.0000    -0.2772    0.0000      1
REF_0524-28                 5316  closepack36          920.5     0.9000     45.0    -45.0  bpcal       23    +0.1263    0.0000    -0.1739    0.0000      1
REF_0524-28                 5316  closepack36          920.5     0.9000     45.0    -45.0  bpcal       24    -0.0242    0.0000    +0.2977    0.0000      1
REF_0524-28                 5316  closepack36          920.5     0.9000     45.0    -45.0  bpcal       25    +0.5839    0.0000    +0.3379    0.0000      1
REF_0524-28                 5316  closepack36          920.5     0.9000     45.0    -45.0  bpcal       26    +0.4313    0.0000    +0.1959    0.0000      1
REF_0524-28                 5316  closepack36          920.5     0.9000     45.0    -45.0  bpcal       27    +0.2417    0.0000    -0.1798    0.0000      1
REF_0524-28                 5316  closepack36          920.5     0.9000     45.0    -45.0  bpcal       28    -0.2099    0.0000    -0.7245    0.0000      1
REF_0524-28                 5316  closepack36          920.5     0.9000     45.0    -45.0  bpcal       29    -0.9888    0.0000    -0.0195    0.0000      1
REF_0524-28                 5316  closepack36          920.5     0.9000     45.0    -45.0  bpcal       30    +1.0809    0.0000    +0.2958    0.0000      1
REF_0524-28                 5316  closepack36          920.5     0.9000     45.0    -45.0  bpcal       31    -0.0480    0.0000    +0.0770    0.0000      1
REF_0524-28                 5316  closepack36          920.5     0.9000     45.0    -45.0  bpcal       32    -0.0004    0.0000    -0.0159    0.0000      1
REF_0524-28                 5316  closepack36          920.5     0.9000     45.0    -45.0  bpcal       33    +0.1946    0.0000    -0.3313    0.0000      1
REF_0524-28                 5316  closepack36          920.5     0.9000     45.0    -45.0  bpcal       34    -0.0360    0.0000    +0.1385    0.0000      1
REF_0524-28                 5316  closepack36          920.5     0.9000     45.0    -45.0  bpcal       35    -0.9251    0.0000    -1.5433    0.0000      1

REF_0524-28                 5316  closepack36          920.5     0.9000     45.0    -45.0  lcal         0    +0.5348    0.0000    +0.2170    0.0000      1
REF_0524-28                 5316  closepack36          920.5     0.9000     45.0    -45.0  lcal         1    +0.6840    0.0000    +0.0718    0.0000      1
REF_0524-28                 5316  closepack36          920.5     0.9000     45.0    -45.0  lcal         2    -0.1280    0.0000    +0.0188    0.0000      1
REF_0524-28                 5316  closepack36          920.5     0.9000     45.0    -45.0  lcal         3    -0.1572    0.0000    +0.0054    0.0000      1
REF_0524-28                 5316  closepack36          920.5     0.9000     45.0    -45.0  lcal         4    -0.7483    0.0000    -0.0051    0.0000      1
REF_0524-28                 5316  closepack36          920.5     0.9000     45.0    -45.0  lcal         5    -0.9184    0.0000    -0.0841    0.0000      1
REF_0524-28                 5316  closepack36          920.5     0.9000     45.0    -45.0  lcal         6    +0.3229    0.0000    +0.1013    0.0000      1
REF_0524-28                 5316  closepack36          920.5     0.9000     45.0    -45.0  lcal         7    -0.4074    0.0000    +0.0781    0.0000      1
REF_0524-28                 5316  closepack36          920.5     0.9000     45.0    -45.0  lcal         8    -0.0836    0.0000    +0.0263    0.0000      1
REF_0524-28                 5316  closepack36          920.5     0.9000     45.0    -45.0  lcal         9    +0.2462    0.0000    -0.0110    0.0000      1
REF_0524-28                 5316  closepack36          920.5     0.9000     45.0    -45.0  lcal        10    +0.5910    0.0000    -0.0528    0.0000      1
REF_0524-28                 5316  closepack36          920.5     0.9000     45.0    -45.0  lcal        11    +1.1817    0.0000    -0.1203    0.0000      1
REF_0524-28                 5316  closepack36          920.5     0.9000     45.0    -45.0  lcal        12    -1.2659    0.0000    +0.0983    0.0000      1
REF_0524-28                 5316  closepack36          920.5     0.9000     45.0    -45.0  lcal        13    -0.2714    0.0000    +0.1291    0.0000      1
REF_0524-28                 5316  closepack36          920.5     0.9000     45.0    -45.0  lcal        14    -0.0792    0.0000    +0.1401    0.0000      1
REF_0524-28                 5316  closepack36          920.5     0.9000     45.0    -45.0  lcal        15    -0.5925    0.0000    +0.0337    0.0000      1
REF_0524-28                 5316  closepack36          920.5     0.9000     45.0    -45.0  lcal        16    -0.0370    0.0000    -0.0745    0.0000      1
REF_0524-28                 5316  closepack36          920.5     0.9000     45.0    -45.0  lcal        17    +0.4292    0.0000    -0.0853    0.0000      1
REF_0524-28                 5316  closepack36          920.5     0.9000     45.0    -45.0  lcal        18    +0.2212    0.0000    +0.0549    0.0000      1
REF_0524-28                 5316  closepack36          920.5     0.9000     45.0    -45.0  lcal        19    +0.4831    0.0000    +0.0822    0.0000      1
REF_0524-28                 5316  closepack36          920.5     0.9000     45.0    -45.0  lcal        20    -0.4540    0.0000    +0.0585    0.0000      1
REF_0524-28                 5316  closepack36          920.5     0.9000     45.0    -45.0  lcal        21    +0.0172    0.0000    -0.0296    0.0000      1
REF_0524-28                 5316  closepack36          920.5     0.9000     45.0    -45.0  lcal        22    -0.1255    0.0000    -0.0408    0.0000      1
REF_0524-28                 5316  closepack36          920.5     0.9000     45.0    -45.0  lcal        23    +0.1267    0.0000    -0.0992    0.0000      1
REF_0524-28                 5316  closepack36          920.5     0.9000     45.0    -45.0  lcal        24    -0.0283    0.0000    -0.0135    0.0000      1
REF_0524-28                 5316  closepack36          920.5     0.9000     45.0    -45.0  lcal        25    +0.5891    0.0000    -0.0051    0.0000      1
REF_0524-28                 5316  closepack36          920.5     0.9000     45.0    -45.0  lcal        26    +0.4389    0.0000    -0.0123    0.0000      1
REF_0524-28                 5316  closepack36          920.5     0.9000     45.0    -45.0  lcal        27    +0.2484    0.0000    -0.0253    0.0000      1
REF_0524-28                 5316  closepack36          920.5     0.9000     45.0    -45.0  lcal        28    -0.1892    0.0000    -0.0124    0.0000      1
REF_0524-28                 5316  closepack36          920.5     0.9000     45.0    -45.0  lcal        29    -0.9743    0.0000    -0.0435    0.0000      1
REF_0524-28                 5316  closepack36          920.5     0.9000     45.0    -45.0  lcal        30    +1.0757    0.0000    -0.1801    0.0000      1
REF_0524-28                 5316  closepack36          920.5     0.9000     45.0    -45.0  lcal        31    -0.0516    0.0000    -0.0861    0.0000      1
REF_0524-28                 5316  closepack36          920.5     0.9000     45.0    -45.0  lcal        32    +0.0104    0.0000    -0.0608    0.0000      1
REF_0524-28                 5316  closepack36          920.5     0.9000     45.0    -45.0  lcal        33    +0.2092    0.0000    -0.0368    0.0000      1
REF_0524-28                 5316  closepack36          920.5     0.9000     45.0    -45.0  lcal        34    -0.0646    0.0000    -0.0551    0.0000      1
REF_0524-28                 5316  closepack36          920.5     0.9000     45.0    -45.0  lcal        35    -0.9349    0.0000    -0.2260    0.0000      1

REF_0612-28                 5316  closepack36          920.5     0.9000     45.0    -45.0  bpcal        0    -0.0804    0.1274    -1.7087    0.1305      3
REF_0612-28                 5316  closepack36          920.5     0.9000     45.0    -45.0  bpcal        1    -0.3202    0.1027    +0.2362    0.0660      3
REF_0612-28                 5316  closepack36          920.5     0.9000     45.0    -45.0  bpcal        2    -0.5611    0.1397    -0.1307    0.0294      3
REF_0612-28                 5316  closepack36          920.5     0.9000     45.0    -45.0  bpcal        3    -0.1398    0.1951    +0.2762    0.0172      3
REF_0612-28                 5316  closepack36          920.5     0.9000     45.0    -45.0  bpcal        4    -0.0516    0.1344    +0.3883    0.0271      3
REF_0612-28                 5316  closepack36          920.5     0.9000     45.0    -45.0  bpcal        5    +0.2520    0.2300    +0.6058    0.0662      3
REF_0612-28                 5316  closepack36          920.5     0.9000     45.0    -45.0  bpcal        6    -0.1523    0.0882    +0.0444    0.0724      3
REF_0612-28                 5316  closepack36          920.5     0.9000     45.0    -45.0  bpcal        7    +0.0370    0.0731    -0.5673    0.0712      3
REF_0612-28                 5316  closepack36          920.5     0.9000     45.0    -45.0  bpcal        8    -0.0482    0.0752    +0.0527    0.0907      3
REF_0612-28                 5316  closepack36          920.5     0.9000     45.0    -45.0  bpcal        9    +0.0081    0.0811    +0.4470    0.0138      3
REF_0612-28                 5316  closepack36          920.5     0.9000     45.0    -45.0  bpcal       10    -0.0061    0.0398    +0.6457    0.0215      3
REF_0612-28                 5316  closepack36          920.5     0.9000     45.0    -45.0  bpcal       11    +0.5609    0.2060    +0.3736    0.0740      3
REF_0612-28                 5316  closepack36          920.5     0.9000     45.0    -45.0  bpcal       12    +0.0550    0.1512    +0.0697    0.0353      3
REF_0612-28                 5316  closepack36          920.5     0.9000     45.0    -45.0  bpcal       13    -0.2013    0.0924    -0.0452    0.0648      3
REF_0612-28                 5316  closepack36          920.5     0.9000     45.0    -45.0  bpcal       14    +0.1432    0.2431    +0.1973    0.0705      3
REF_0612-28                 5316  closepack36          920.5     0.9000     45.0    -45.0  bpcal       15    -0.1803    0.3224    -0.0522    0.0146      3
REF_0612-28                 5316  closepack36          920.5     0.9000     45.0    -45.0  bpcal       16    -0.0110    0.0989    +0.1650    0.0183      3
REF_0612-28                 5316  closepack36          920.5     0.9000     45.0    -45.0  bpcal       17    -0.1186    0.0988    -0.0210    0.0306      3
REF_0612-28                 5316  closepack36          920.5     0.9000     45.0    -45.0  bpcal       18    -0.2444    0.2830    +0.1225    0.0176      3
REF_0612-28                 5316  closepack36          920.5     0.9000     45.0    -45.0  bpcal       19    +1.2280    0.1267    +0.3084    0.0408      3
REF_0612-28                 5316  closepack36          920.5     0.9000     45.0    -45.0  bpcal       20    +0.8075    0.2518    -0.1173    0.0561      3
REF_0612-28                 5316  closepack36          920.5     0.9000     45.0    -45.0  bpcal       21    -0.1385    0.0935    -0.0728    0.0283      3
REF_0612-28                 5316  closepack36          920.5     0.9000     45.0    -45.0  bpcal       22    -0.3196    0.1547    -0.2719    0.0265      3
REF_0612-28                 5316  closepack36          920.5     0.9000     45.0    -45.0  bpcal       23    +0.0116    0.1151    -0.1429    0.0962      3
REF_0612-28                 5316  closepack36          920.5     0.9000     45.0    -45.0  bpcal       24    +0.3560    0.1308    +0.2914    0.0093      3
REF_0612-28                 5316  closepack36          920.5     0.9000     45.0    -45.0  bpcal       25    +0.8489    0.0910    +0.3458    0.0273      3
REF_0612-28                 5316  closepack36          920.5     0.9000     45.0    -45.0  bpcal       26    +1.8839    0.0586    +0.2158    0.0094      3
REF_0612-28                 5316  closepack36          920.5     0.9000     45.0    -45.0  bpcal       27    +0.7831    0.2428    -0.1666    0.0218      3
REF_0612-28                 5316  closepack36          920.5     0.9000     45.0    -45.0  bpcal       28    +0.0403    0.0978    -0.7103    0.0122      3
REF_0612-28                 5316  closepack36          920.5     0.9000     45.0    -45.0  bpcal       29    -0.3903    0.2814    +0.0109    0.0280      3
REF_0612-28                 5316  closepack36          920.5     0.9000     45.0    -45.0  bpcal       30    +0.4074    0.2369    +0.2982    0.0322      3
REF_0612-28                 5316  closepack36          920.5     0.9000     45.0    -45.0  bpcal       31    +0.4662    0.1247    +0.0974    0.0279      3
REF_0612-28                 5316  closepack36          920.5     0.9000     45.0    -45.0  bpcal       32    +0.7525    0.0925    +0.0141    0.0325      3
REF_0612-28                 5316  closepack36          920.5     0.9000     45.0    -45.0  bpcal       33    +0.1892    0.0309    -0.2883    0.0524      3
REF_0612-28                 5316  closepack36          920.5     0.9000     45.0    -45.0  bpcal       34    +0.3756    0.0570    +0.1557    0.0557      3
REF_0612-28                 5316  closepack36          920.5     0.9000     45.0    -45.0  bpcal       35    +0.2062    0.0798    -1.4470    0.1653      3

REF_0612-28                 5316  closepack36          920.5     0.9000     45.0    -45.0  lcal         0    -0.1297    0.1277    +0.1552    0.1362      3
REF_0612-28                 5316  closepack36          920.5     0.9000     45.0    -45.0  lcal         1    -0.3231    0.1078    +0.0571    0.0501      3
REF_0612-28                 5316  closepack36          920.5     0.9000     45.0    -45.0  lcal         2    -0.5602    0.1362    +0.0121    0.0361      3
REF_0612-28                 5316  closepack36          920.5     0.9000     45.0    -45.0  lcal         3    -0.1568    0.2022    +0.0007    0.0154      3
REF_0612-28                 5316  closepack36          920.5     0.9000     45.0    -45.0  lcal         4    -0.0603    0.1390    +0.0127    0.0091      3
REF_0612-28                 5316  closepack36          920.5     0.9000     45.0    -45.0  lcal         5    +0.2434    0.2372    -0.0541    0.0523      3
REF_0612-28                 5316  closepack36          920.5     0.9000     45.0    -45.0  lcal         6    -0.1744    0.0807    +0.0756    0.0641      3
REF_0612-28                 5316  closepack36          920.5     0.9000     45.0    -45.0  lcal         7    +0.0333    0.0634    +0.0949    0.0573      3
REF_0612-28                 5316  closepack36          920.5     0.9000     45.0    -45.0  lcal         8    -0.0698    0.0744    +0.0535    0.0638      3
REF_0612-28                 5316  closepack36          920.5     0.9000     45.0    -45.0  lcal         9    +0.0023    0.0817    -0.0155    0.0060      3
REF_0612-28                 5316  closepack36          920.5     0.9000     45.0    -45.0  lcal        10    -0.0046    0.0407    -0.0444    0.0104      3
REF_0612-28                 5316  closepack36          920.5     0.9000     45.0    -45.0  lcal        11    +0.5572    0.2056    -0.0897    0.0416      3
REF_0612-28                 5316  closepack36          920.5     0.9000     45.0    -45.0  lcal        12    +0.0724    0.1419    +0.0764    0.0542      3
REF_0612-28                 5316  closepack36          920.5     0.9000     45.0    -45.0  lcal        13    -0.1897    0.1142    +0.1275    0.0412      3
REF_0612-28                 5316  closepack36          920.5     0.9000     45.0    -45.0  lcal        14    +0.1510    0.2405    +0.1571    0.0390      3
REF_0612-28                 5316  closepack36          920.5     0.9000     45.0    -45.0  lcal        15    -0.1741    0.3306    +0.0306    0.0163      3
REF_0612-28                 5316  closepack36          920.5     0.9000     45.0    -45.0  lcal        16    -0.0033    0.0917    -0.0515    0.0240      3
REF_0612-28                 5316  closepack36          920.5     0.9000     45.0    -45.0  lcal        17    -0.1161    0.1034    -0.0613    0.0327      3
REF_0612-28                 5316  closepack36          920.5     0.9000     45.0    -45.0  lcal        18    -0.2494    0.2780    +0.0319    0.0190      3
REF_0612-28                 5316  closepack36          920.5     0.9000     45.0    -45.0  lcal        19    +1.2543    0.1399    +0.0609    0.0306      3
REF_0612-28                 5316  closepack36          920.5     0.9000     45.0    -45.0  lcal        20    +0.8211    0.2492    +0.0355    0.0441      3
REF_0612-28                 5316  closepack36          920.5     0.9000     45.0    -45.0  lcal        21    -0.1380    0.0929    -0.0050    0.0221      3
REF_0612-28                 5316  closepack36          920.5     0.9000     45.0    -45.0  lcal        22    -0.3139    0.1606    -0.0166    0.0293      3
REF_0612-28                 5316  closepack36          920.5     0.9000     45.0    -45.0  lcal        23    +0.0050    0.1174    -0.0729    0.0562      3
REF_0612-28                 5316  closepack36          920.5     0.9000     45.0    -45.0  lcal        24    +0.3485    0.1320    -0.0219    0.0165      3
REF_0612-28                 5316  closepack36          920.5     0.9000     45.0    -45.0  lcal        25    +0.8485    0.0894    -0.0061    0.0079      3
REF_0612-28                 5316  closepack36          920.5     0.9000     45.0    -45.0  lcal        26    +1.8890    0.0692    -0.0080    0.0034      3
REF_0612-28                 5316  closepack36          920.5     0.9000     45.0    -45.0  lcal        27    +0.7859    0.2475    -0.0214    0.0091      3
REF_0612-28                 5316  closepack36          920.5     0.9000     45.0    -45.0  lcal        28    +0.0456    0.0967    -0.0030    0.0086      3
REF_0612-28                 5316  closepack36          920.5     0.9000     45.0    -45.0  lcal        29    -0.3883    0.2846    -0.0360    0.0359      3
REF_0612-28                 5316  closepack36          920.5     0.9000     45.0    -45.0  lcal        30    +0.4064    0.2312    -0.1822    0.0069      3
REF_0612-28                 5316  closepack36          920.5     0.9000     45.0    -45.0  lcal        31    +0.4598    0.1317    -0.0545    0.0261      3
REF_0612-28                 5316  closepack36          920.5     0.9000     45.0    -45.0  lcal        32    +0.7551    0.0884    -0.0422    0.0194      3
REF_0612-28                 5316  closepack36          920.5     0.9000     45.0    -45.0  lcal        33    +0.2067    0.0356    -0.0172    0.0271      3
REF_0612-28                 5316  closepack36          920.5     0.9000     45.0    -45.0  lcal        34    +0.3581    0.0769    -0.0378    0.0527      3
REF_0612-28                 5316  closepack36          920.5     0.9000     45.0    -45.0  lcal        35    +0.2026    0.0711    -0.1572    0.1159      3

REF_1124-28                 5316  closepack36          920.5     0.9000     45.0    -45.0  bpcal        0    -1.9538    0.1031    -1.7716    0.1022      3
REF_1124-28                 5316  closepack36          920.5     0.9000     45.0    -45.0  bpcal        1    -0.7102    0.0256    +0.1436    0.1486      3
REF_1124-28                 5316  closepack36          920.5     0.9000     45.0    -45.0  bpcal        2    -0.4535    0.0791    -0.1323    0.0160      3
REF_1124-28                 5316  closepack36          920.5     0.9000     45.0    -45.0  bpcal        3    +1.0462    0.1222    +0.2630    0.0357      3
REF_1124-28                 5316  closepack36          920.5     0.9000     45.0    -45.0  bpcal        4    +1.9624    0.0514    +0.3818    0.0532      3
REF_1124-28                 5316  closepack36          920.5     0.9000     45.0    -45.0  bpcal        5    +1.4746    0.2220    +0.6133    0.0174      3
REF_1124-28                 5316  closepack36          920.5     0.9000     45.0    -45.0  bpcal        6    -0.1314    0.0689    +0.0014    0.0752      3
REF_1124-28                 5316  closepack36          920.5     0.9000     45.0    -45.0  bpcal        7    +0.1752    0.1281    -0.5733    0.0338      3
REF_1124-28                 5316  closepack36          920.5     0.9000     45.0    -45.0  bpcal        8    +0.7508    0.0796    +0.0322    0.0616      3
REF_1124-28                 5316  closepack36          920.5     0.9000     45.0    -45.0  bpcal        9    +1.7768    0.0442    +0.4091    0.0801      3
REF_1124-28                 5316  closepack36          920.5     0.9000     45.0    -45.0  bpcal       10    +1.6514    0.1822    +0.6448    0.0398      3
REF_1124-28                 5316  closepack36          920.5     0.9000     45.0    -45.0  bpcal       11    -0.1771    0.1975    +0.3581    0.0391      3
REF_1124-28                 5316  closepack36          920.5     0.9000     45.0    -45.0  bpcal       12    -0.4929    0.2243    +0.0103    0.0397      3
REF_1124-28                 5316  closepack36          920.5     0.9000     45.0    -45.0  bpcal       13    -0.0026    0.0645    -0.0504    0.0920      3
REF_1124-28                 5316  closepack36          920.5     0.9000     45.0    -45.0  bpcal       14    -0.2789    0.2341    +0.1952    0.0884      3
REF_1124-28                 5316  closepack36          920.5     0.9000     45.0    -45.0  bpcal       15    +0.0057    0.3520    -0.0768    0.0365      3
REF_1124-28                 5316  closepack36          920.5     0.9000     45.0    -45.0  bpcal       16    +0.2514    0.0535    +0.1228    0.0837      3
REF_1124-28                 5316  closepack36          920.5     0.9000     45.0    -45.0  bpcal       17    -0.1721    0.1977    -0.0531    0.0995      3
REF_1124-28                 5316  closepack36          920.5     0.9000     45.0    -45.0  bpcal       18    -0.0672    0.2296    +0.0998    0.0182      3
REF_1124-28                 5316  closepack36          920.5     0.9000     45.0    -45.0  bpcal       19    -0.4988    0.1325    +0.2646    0.0801      3
REF_1124-28                 5316  closepack36          920.5     0.9000     45.0    -45.0  bpcal       20    -0.3498    0.3570    -0.1221    0.0523      3
REF_1124-28                 5316  closepack36          920.5     0.9000     45.0    -45.0  bpcal       21    -0.1621    0.2200    -0.0985    0.0210      3
REF_1124-28                 5316  closepack36          920.5     0.9000     45.0    -45.0  bpcal       22    +0.0262    0.0735    -0.3003    0.0231      3
REF_1124-28                 5316  closepack36          920.5     0.9000     45.0    -45.0  bpcal       23    +0.1277    0.1327    -0.1742    0.0253      3
REF_1124-28                 5316  closepack36          920.5     0.9000     45.0    -45.0  bpcal       24    -0.1309    0.1498    +0.2634    0.0166      3
REF_1124-28                 5316  closepack36          920.5     0.9000     45.0    -45.0  bpcal       25    -0.4726    0.1657    +0.3424    0.0156      3
REF_1124-28                 5316  closepack36          920.5     0.9000     45.0    -45.0  bpcal       26    -0.5259    0.3056    +0.1546    0.1121      3
REF_1124-28                 5316  closepack36          920.5     0.9000     45.0    -45.0  bpcal       27    -0.2122    0.2217    -0.1409    0.0301      3
REF_1124-28                 5316  closepack36          920.5     0.9000     45.0    -45.0  bpcal       28    -0.5004    0.1024    -0.6903    0.0276      3
REF_1124-28                 5316  closepack36          920.5     0.9000     45.0    -45.0  bpcal       29    -0.1759    0.1263    -0.0344    0.1176      3
REF_1124-28                 5316  closepack36          920.5     0.9000     45.0    -45.0  bpcal       30    +0.2952    0.2288    +0.3283    0.0356      3
REF_1124-28                 5316  closepack36          920.5     0.9000     45.0    -45.0  bpcal       31    +0.6537    0.2277    +0.1044    0.0220      3
REF_1124-28                 5316  closepack36          920.5     0.9000     45.0    -45.0  bpcal       32    +1.1935    0.1339    +0.0095    0.0749      3
REF_1124-28                 5316  closepack36          920.5     0.9000     45.0    -45.0  bpcal       33    -0.8253    0.0919    -0.2992    0.0459      3
REF_1124-28                 5316  closepack36          920.5     0.9000     45.0    -45.0  bpcal       34    -0.0267    0.1788    +0.0808    0.1145      3
REF_1124-28                 5316  closepack36          920.5     0.9000     45.0    -45.0  bpcal       35    -0.0948    0.1050    -1.4770    0.1766      3

REF_1124-28                 5316  closepack36          920.5     0.9000     45.0    -45.0  lcal         0    -1.9678    0.0734    +0.1259    0.1383      3
REF_1124-28                 5316  closepack36          920.5     0.9000     45.0    -45.0  lcal         1    -0.7205    0.0338    +0.0399    0.0636      3
REF_1124-28                 5316  closepack36          920.5     0.9000     45.0    -45.0  lcal         2    -0.4396    0.0574    +0.0101    0.0071      3
REF_1124-28                 5316  closepack36          920.5     0.9000     45.0    -45.0  lcal         3    +1.0318    0.1227    -0.0031    0.0061      3
REF_1124-28                 5316  closepack36          920.5     0.9000     45.0    -45.0  lcal         4    +1.9693    0.0531    +0.0111    0.0183      3
REF_1124-28                 5316  closepack36          920.5     0.9000     45.0    -45.0  lcal         5    +1.4592    0.2348    -0.0418    0.0326      3
REF_1124-28                 5316  closepack36          920.5     0.9000     45.0    -45.0  lcal         6    -0.1309    0.0537    +0.0665    0.0480      3
REF_1124-28                 5316  closepack36          920.5     0.9000     45.0    -45.0  lcal         7    +0.2087    0.0843    +0.0770    0.0343      3
REF_1124-28                 5316  closepack36          920.5     0.9000     45.0    -45.0  lcal         8    +0.7634    0.0749    +0.0364    0.0364      3
REF_1124-28                 5316  closepack36          920.5     0.9000     45.0    -45.0  lcal         9    +1.7695    0.0156    -0.0125    0.0130      3
REF_1124-28                 5316  closepack36          920.5     0.9000     45.0    -45.0  lcal        10    +1.6698    0.1867    -0.0217    0.0226      3
REF_1124-28                 5316  closepack36          920.5     0.9000     45.0    -45.0  lcal        11    -0.1412    0.2242    -0.0623    0.0268      3
REF_1124-28                 5316  closepack36          920.5     0.9000     45.0    -45.0  lcal        12    -0.4850    0.2362    +0.0508    0.0332      3
REF_1124-28                 5316  closepack36          920.5     0.9000     45.0    -45.0  lcal        13    -0.0075    0.0643    +0.1140    0.0582      3
REF_1124-28                 5316  closepack36          920.5     0.9000     45.0    -45.0  lcal        14    -0.2837    0.2135    +0.1583    0.0871      3
REF_1124-28                 5316  closepack36          920.5     0.9000     45.0    -45.0  lcal        15    +0.0000    0.3327    +0.0254    0.0253      3
REF_1124-28                 5316  closepack36          920.5     0.9000     45.0    -45.0  lcal        16    +0.2528    0.0549    -0.0451    0.0208      3
REF_1124-28                 5316  closepack36          920.5     0.9000     45.0    -45.0  lcal        17    -0.1665    0.2068    -0.0517    0.0327      3
REF_1124-28                 5316  closepack36          920.5     0.9000     45.0    -45.0  lcal        18    -0.0620    0.2384    +0.0283    0.0053      3
REF_1124-28                 5316  closepack36          920.5     0.9000     45.0    -45.0  lcal        19    -0.4901    0.1443    +0.0560    0.0530      3
REF_1124-28                 5316  closepack36          920.5     0.9000     45.0    -45.0  lcal        20    -0.3469    0.3598    +0.0329    0.0518      3
REF_1124-28                 5316  closepack36          920.5     0.9000     45.0    -45.0  lcal        21    -0.1570    0.2359    -0.0227    0.0017      3
REF_1124-28                 5316  closepack36          920.5     0.9000     45.0    -45.0  lcal        22    +0.0358    0.0595    -0.0233    0.0167      3
REF_1124-28                 5316  closepack36          920.5     0.9000     45.0    -45.0  lcal        23    +0.1402    0.1359    -0.0579    0.0291      3
REF_1124-28                 5316  closepack36          920.5     0.9000     45.0    -45.0  lcal        24    -0.1207    0.1463    -0.0211    0.0128      3
REF_1124-28                 5316  closepack36          920.5     0.9000     45.0    -45.0  lcal        25    -0.4656    0.1586    -0.0078    0.0123      3
REF_1124-28                 5316  closepack36          920.5     0.9000     45.0    -45.0  lcal        26    -0.5228    0.2962    +0.0001    0.0297      3
REF_1124-28                 5316  closepack36          920.5     0.9000     45.0    -45.0  lcal        27    -0.1967    0.2175    -0.0093    0.0184      3
REF_1124-28                 5316  closepack36          920.5     0.9000     45.0    -45.0  lcal        28    -0.4944    0.0807    +0.0010    0.0055      3
REF_1124-28                 5316  closepack36          920.5     0.9000     45.0    -45.0  lcal        29    -0.1718    0.1262    -0.0310    0.0222      3
REF_1124-28                 5316  closepack36          920.5     0.9000     45.0    -45.0  lcal        30    +0.2914    0.2295    -0.1582    0.0478      3
REF_1124-28                 5316  closepack36          920.5     0.9000     45.0    -45.0  lcal        31    +0.6574    0.2461    -0.0488    0.0388      3
REF_1124-28                 5316  closepack36          920.5     0.9000     45.0    -45.0  lcal        32    +1.2163    0.1669    -0.0297    0.0282      3
REF_1124-28                 5316  closepack36          920.5     0.9000     45.0    -45.0  lcal        33    -0.8069    0.0723    -0.0056    0.0150      3
REF_1124-28                 5316  closepack36          920.5     0.9000     45.0    -45.0  lcal        34    -0.0038    0.1656    -0.0377    0.0312      3
REF_1124-28                 5316  closepack36          920.5     0.9000     45.0    -45.0  lcal        35    -0.0736    0.1419    -0.1390    0.0948      3

REF_1324-28                 5316  closepack36          920.5     0.9000     45.0    -45.0  bpcal        0    +0.1324    0.0000    -1.7550    0.0000      1
REF_1324-28                 5316  closepack36          920.5     0.9000     45.0    -45.0  bpcal        1    -0.1657    0.0000    +0.2167    0.0000      1
REF_1324-28                 5316  closepack36          920.5     0.9000     45.0    -45.0  bpcal        2    +0.1693    0.0000    -0.1315    0.0000      1
REF_1324-28                 5316  closepack36          920.5     0.9000     45.0    -45.0  bpcal        3    +0.0368    0.0000    +0.2842    0.0000      1
REF_1324-28                 5316  closepack36          920.5     0.9000     45.0    -45.0  bpcal        4    +0.0593    0.0000    +0.3822    0.0000      1
REF_1324-28                 5316  closepack36          920.5     0.9000     45.0    -45.0  bpcal        5    -0.3071    0.0000    +0.6563    0.0000      1
REF_1324-28                 5316  closepack36          920.5     0.9000     45.0    -45.0  bpcal        6    +0.0313    0.0000    +0.0275    0.0000      1
REF_1324-28                 5316  closepack36          920.5     0.9000     45.0    -45.0  bpcal        7    -0.1355    0.0000    -0.6198    0.0000      1
REF_1324-28                 5316  closepack36          920.5     0.9000     45.0    -45.0  bpcal        8    +0.1031    0.0000    +0.0146    0.0000      1
REF_1324-28                 5316  closepack36          920.5     0.9000     45.0    -45.0  bpcal        9    +0.1388    0.0000    +0.4496    0.0000      1
REF_1324-28                 5316  closepack36          920.5     0.9000     45.0    -45.0  bpcal       10    -0.3514    0.0000    +0.6453    0.0000      1
REF_1324-28                 5316  closepack36          920.5     0.9000     45.0    -45.0  bpcal       11    -0.0153    0.0000    +0.3630    0.0000      1
REF_1324-28                 5316  closepack36          920.5     0.9000     45.0    -45.0  bpcal       12    -0.5144    0.0000    +0.0332    0.0000      1
REF_1324-28                 5316  closepack36          920.5     0.9000     45.0    -45.0  bpcal       13    +0.2678    0.0000    -0.0985    0.0000      1
REF_1324-28                 5316  closepack36          920.5     0.9000     45.0    -45.0  bpcal       14    +0.4810    0.0000    +0.1676    0.0000      1
REF_1324-28                 5316  closepack36          920.5     0.9000     45.0    -45.0  bpcal       15    +0.2111    0.0000    -0.0503    0.0000      1
REF_1324-28                 5316  closepack36          920.5     0.9000     45.0    -45.0  bpcal       16    +0.0149    0.0000    +0.1527    0.0000      1
REF_1324-28                 5316  closepack36          920.5     0.9000     45.0    -45.0  bpcal       17    -0.4595    0.0000    -0.0580    0.0000      1
REF_1324-28                 5316  closepack36          920.5     0.9000     45.0    -45.0  bpcal       18    -0.4565    0.0000    +0.0772    0.0000      1
REF_1324-28                 5316  closepack36          920.5     0.9000     45.0    -45.0  bpcal       19    +0.2750    0.0000    +0.2212    0.0000      1
REF_1324-28                 5316  closepack36          920.5     0.9000     45.0    -45.0  bpcal       20    +0.5229    0.0000    -0.1953    0.0000      1
REF_1324-28                 5316  closepack36          920.5     0.9000     45.0    -45.0  bpcal       21    +0.5240    0.0000    -0.1157    0.0000      1
REF_1324-28                 5316  closepack36          920.5     0.9000     45.0    -45.0  bpcal       22    +0.3658    0.0000    -0.2790    0.0000      1
REF_1324-28                 5316  closepack36          920.5     0.9000     45.0    -45.0  bpcal       23    +1.6303    0.0000    -0.1113    0.0000      1
REF_1324-28                 5316  closepack36          920.5     0.9000     45.0    -45.0  bpcal       24    -0.7336    0.0000    +0.2439    0.0000      1
REF_1324-28                 5316  closepack36          920.5     0.9000     45.0    -45.0  bpcal       25    -0.1874    0.0000    +0.3514    0.0000      1
REF_1324-28                 5316  closepack36          920.5     0.9000     45.0    -45.0  bpcal       26    +0.6755    0.0000    +0.1883    0.0000      1
REF_1324-28                 5316  closepack36          920.5     0.9000     45.0    -45.0  bpcal       27    +0.2400    0.0000    -0.1878    0.0000      1
REF_1324-28                 5316  closepack36          920.5     0.9000     45.0    -45.0  bpcal       28    -0.0694    0.0000    -0.7056    0.0000      1
REF_1324-28                 5316  closepack36          920.5     0.9000     45.0    -45.0  bpcal       29    -0.1021    0.0000    -0.0274    0.0000      1
REF_1324-28                 5316  closepack36          920.5     0.9000     45.0    -45.0  bpcal       30    -0.8670    0.0000    +0.3098    0.0000      1
REF_1324-28                 5316  closepack36          920.5     0.9000     45.0    -45.0  bpcal       31    +0.2736    0.0000    +0.0766    0.0000      1
REF_1324-28                 5316  closepack36          920.5     0.9000     45.0    -45.0  bpcal       32    +0.3530    0.0000    +0.0131    0.0000      1
REF_1324-28                 5316  closepack36          920.5     0.9000     45.0    -45.0  bpcal       33    -0.3780    0.0000    -0.2703    0.0000      1
REF_1324-28                 5316  closepack36          920.5     0.9000     45.0    -45.0  bpcal       34    +0.1184    0.0000    +0.1349    0.0000      1
REF_1324-28                 5316  closepack36          920.5     0.9000     45.0    -45.0  bpcal       35    -0.0839    0.0000    -1.4490    0.0000      1

REF_1324-28                 5316  closepack36          920.5     0.9000     45.0    -45.0  lcal         0    +0.0635    0.0000    +0.1544    0.0000      1
REF_1324-28                 5316  closepack36          920.5     0.9000     45.0    -45.0  lcal         1    -0.1915    0.0000    +0.0277    0.0000      1
REF_1324-28                 5316  closepack36          920.5     0.9000     45.0    -45.0  lcal         2    +0.1661    0.0000    +0.0179    0.0000      1
REF_1324-28                 5316  closepack36          920.5     0.9000     45.0    -45.0  lcal         3    +0.0087    0.0000    +0.0017    0.0000      1
REF_1324-28                 5316  closepack36          920.5     0.9000     45.0    -45.0  lcal         4    +0.0255    0.0000    +0.0175    0.0000      1
REF_1324-28                 5316  closepack36          920.5     0.9000     45.0    -45.0  lcal         5    -0.3143    0.0000    -0.0136    0.0000      1
REF_1324-28                 5316  closepack36          920.5     0.9000     45.0    -45.0  lcal         6    +0.0046    0.0000    +0.0526    0.0000      1
REF_1324-28                 5316  closepack36          920.5     0.9000     45.0    -45.0  lcal         7    -0.1202    0.0000    +0.0675    0.0000      1
REF_1324-28                 5316  closepack36          920.5     0.9000     45.0    -45.0  lcal         8    +0.1000    0.0000    +0.0344    0.0000      1
REF_1324-28                 5316  closepack36          920.5     0.9000     45.0    -45.0  lcal         9    +0.1311    0.0000    -0.0127    0.0000      1
REF_1324-28                 5316  closepack36          920.5     0.9000     45.0    -45.0  lcal        10    -0.3587    0.0000    -0.0432    0.0000      1
REF_1324-28                 5316  closepack36          920.5     0.9000     45.0    -45.0  lcal        11    -0.0108    0.0000    -0.0671    0.0000      1
REF_1324-28                 5316  closepack36          920.5     0.9000     45.0    -45.0  lcal        12    -0.5121    0.0000    +0.0333    0.0000      1
REF_1324-28                 5316  closepack36          920.5     0.9000     45.0    -45.0  lcal        13    +0.2609    0.0000    +0.0745    0.0000      1
REF_1324-28                 5316  closepack36          920.5     0.9000     45.0    -45.0  lcal        14    +0.5080    0.0000    +0.1059    0.0000      1
REF_1324-28                 5316  closepack36          920.5     0.9000     45.0    -45.0  lcal        15    +0.2262    0.0000    +0.0138    0.0000      1
REF_1324-28                 5316  closepack36          920.5     0.9000     45.0    -45.0  lcal        16    +0.0122    0.0000    -0.0557    0.0000      1
REF_1324-28                 5316  closepack36          920.5     0.9000     45.0    -45.0  lcal        17    -0.4787    0.0000    -0.0714    0.0000      1
REF_1324-28                 5316  closepack36          920.5     0.9000     45.0    -45.0  lcal        18    -0.4692    0.0000    -0.0085    0.0000      1
REF_1324-28                 5316  closepack36          920.5     0.9000     45.0    -45.0  lcal        19    +0.2915    0.0000    -0.0104    0.0000      1
REF_1324-28                 5316  closepack36          920.5     0.9000     45.0    -45.0  lcal        20    +0.5379    0.0000    -0.0393    0.0000      1
REF_1324-28                 5316  closepack36          920.5     0.9000     45.0    -45.0  lcal        21    +0.5211    0.0000    -0.0241    0.0000      1
REF_1324-28                 5316  closepack36          920.5     0.9000     45.0    -45.0  lcal        22    +0.3650    0.0000    -0.0090    0.0000      1
REF_1324-28                 5316  closepack36          920.5     0.9000     45.0    -45.0  lcal        23    +1.6277    0.0000    -0.0410    0.0000      1
REF_1324-28                 5316  closepack36          920.5     0.9000     45.0    -45.0  lcal        24    -0.7331    0.0000    -0.0535    0.0000      1
REF_1324-28                 5316  closepack36          920.5     0.9000     45.0    -45.0  lcal        25    -0.1922    0.0000    -0.0303    0.0000      1
REF_1324-28                 5316  closepack36          920.5     0.9000     45.0    -45.0  lcal        26    +0.6800    0.0000    -0.0291    0.0000      1
REF_1324-28                 5316  closepack36          920.5     0.9000     45.0    -45.0  lcal        27    +0.2396    0.0000    -0.0326    0.0000      1
REF_1324-28                 5316  closepack36          920.5     0.9000     45.0    -45.0  lcal        28    -0.0609    0.0000    +0.0050    0.0000      1
REF_1324-28                 5316  closepack36          920.5     0.9000     45.0    -45.0  lcal        29    -0.0882    0.0000    -0.0332    0.0000      1
REF_1324-28                 5316  closepack36          920.5     0.9000     45.0    -45.0  lcal        30    -0.8680    0.0000    -0.2155    0.0000      1
REF_1324-28                 5316  closepack36          920.5     0.9000     45.0    -45.0  lcal        31    +0.2752    0.0000    -0.0715    0.0000      1
REF_1324-28                 5316  closepack36          920.5     0.9000     45.0    -45.0  lcal        32    +0.3710    0.0000    -0.0466    0.0000      1
REF_1324-28                 5316  closepack36          920.5     0.9000     45.0    -45.0  lcal        33    -0.3748    0.0000    -0.0063    0.0000      1
REF_1324-28                 5316  closepack36          920.5     0.9000     45.0    -45.0  lcal        34    +0.1318    0.0000    -0.0266    0.0000      1
REF_1324-28                 5316  closepack36          920.5     0.9000     45.0    -45.0  lcal        35    -0.0817    0.0000    -0.1695    0.0000      1

REF_1612-28                 5316  closepack36          920.5     0.9000     45.0    -45.0  bpcal        0    -0.0188    0.0000    -1.6372    0.0000      1
REF_1612-28                 5316  closepack36          920.5     0.9000     45.0    -45.0  bpcal        1    -0.0701    0.0000    +0.2750    0.0000      1
REF_1612-28                 5316  closepack36          920.5     0.9000     45.0    -45.0  bpcal        2    -0.9587    0.0000    -0.1144    0.0000      1
REF_1612-28                 5316  closepack36          920.5     0.9000     45.0    -45.0  bpcal        3    -0.3342    0.0000    +0.2495    0.0000      1
REF_1612-28                 5316  closepack36          920.5     0.9000     45.0    -45.0  bpcal        4    -0.1485    0.0000    +0.3931    0.0000      1
REF_1612-28                 5316  closepack36          920.5     0.9000     45.0    -45.0  bpcal        5    -1.1724    0.0000    +0.6413    0.0000      1
REF_1612-28                 5316  closepack36          920.5     0.9000     45.0    -45.0  bpcal        6    -0.6724    0.0000    +0.0870    0.0000      1
REF_1612-28                 5316  closepack36          920.5     0.9000     45.0    -45.0  bpcal        7    -0.4903    0.0000    -0.4908    0.0000      1
REF_1612-28                 5316  closepack36          920.5     0.9000     45.0    -45.0  bpcal        8    -0.1607    0.0000    +0.0662    0.0000      1
REF_1612-28                 5316  closepack36          920.5     0.9000     45.0    -45.0  bpcal        9    -1.0613    0.0000    +0.4689    0.0000      1
REF_1612-28                 5316  closepack36          920.5     0.9000     45.0    -45.0  bpcal       10    -0.6872    0.0000    +0.6585    0.0000      1
REF_1612-28                 5316  closepack36          920.5     0.9000     45.0    -45.0  bpcal       11    -1.0514    0.0000    +0.3544    0.0000      1
REF_1612-28                 5316  closepack36          920.5     0.9000     45.0    -45.0  bpcal       12    -1.2645    0.0000    +0.0688    0.0000      1
REF_1612-28                 5316  closepack36          920.5     0.9000     45.0    -45.0  bpcal       13    -0.7381    0.0000    +0.0136    0.0000      1
REF_1612-28                 5316  closepack36          920.5     0.9000     45.0    -45.0  bpcal       14    -0.9484    0.0000    +0.3370    0.0000      1
REF_1612-28                 5316  closepack36          920.5     0.9000     45.0    -45.0  bpcal       15    -2.2770    0.0000    +0.0736    0.0000      1
REF_1612-28                 5316  closepack36          920.5     0.9000     45.0    -45.0  bpcal       16    -0.3479    0.0000    +0.1380    0.0000      1
REF_1612-28                 5316  closepack36          920.5     0.9000     45.0    -45.0  bpcal       17    +1.0418    0.0000    +0.0182    0.0000      1
REF_1612-28                 5316  closepack36          920.5     0.9000     45.0    -45.0  bpcal       18    +0.6107    0.0000    +0.1434    0.0000      1
REF_1612-28                 5316  closepack36          920.5     0.9000     45.0    -45.0  bpcal       19    +0.2574    0.0000    +0.3831    0.0000      1
REF_1612-28                 5316  closepack36          920.5     0.9000     45.0    -45.0  bpcal       20    -0.3498    0.0000    -0.0112    0.0000      1
REF_1612-28                 5316  closepack36          920.5     0.9000     45.0    -45.0  bpcal       21    -0.3809    0.0000    -0.0279    0.0000      1
REF_1612-28                 5316  closepack36          920.5     0.9000     45.0    -45.0  bpcal       22    +0.8283    0.0000    -0.2569    0.0000      1
REF_1612-28                 5316  closepack36          920.5     0.9000     45.0    -45.0  bpcal       23    +1.1799    0.0000    -0.1288    0.0000      1
REF_1612-28                 5316  closepack36          920.5     0.9000     45.0    -45.0  bpcal       24    -0.1741    0.0000    +0.2691    0.0000      1
REF_1612-28                 5316  closepack36          920.5     0.9000     45.0    -45.0  bpcal       25    -0.2526    0.0000    +0.3430    0.0000      1
REF_1612-28                 5316  closepack36          920.5     0.9000     45.0    -45.0  bpcal       26    -0.8547    0.0000    +0.2391    0.0000      1
REF_1612-28                 5316  closepack36          920.5     0.9000     45.0    -45.0  bpcal       27    -0.1852    0.0000    -0.1645    0.0000      1
REF_1612-28                 5316  closepack36          920.5     0.9000     45.0    -45.0  bpcal       28    -0.9080    0.0000    -0.7472    0.0000      1
REF_1612-28                 5316  closepack36          920.5     0.9000     45.0    -45.0  bpcal       29    +1.2389    0.0000    +0.0301    0.0000      1
REF_1612-28                 5316  closepack36          920.5     0.9000     45.0    -45.0  bpcal       30    +0.8753    0.0000    +0.2535    0.0000      1
REF_1612-28                 5316  closepack36          920.5     0.9000     45.0    -45.0  bpcal       31    -0.3371    0.0000    +0.0701    0.0000      1
REF_1612-28                 5316  closepack36          920.5     0.9000     45.0    -45.0  bpcal       32    -0.5672    0.0000    -0.0067    0.0000      1
REF_1612-28                 5316  closepack36          920.5     0.9000     45.0    -45.0  bpcal       33    -2.0655    0.0000    -0.2927    0.0000      1
REF_1612-28                 5316  closepack36          920.5     0.9000     45.0    -45.0  bpcal       34    -2.1492    0.0000    +0.1464    0.0000      1
REF_1612-28                 5316  closepack36          920.5     0.9000     45.0    -45.0  bpcal       35    +1.0299    0.0000    -1.4819    0.0000      1

REF_1612-28                 5316  closepack36          920.5     0.9000     45.0    -45.0  lcal         0    -0.0346    0.0000    +0.1934    0.0000      1
REF_1612-28                 5316  closepack36          920.5     0.9000     45.0    -45.0  lcal         1    -0.0625    0.0000    +0.0994    0.0000      1
REF_1612-28                 5316  closepack36          920.5     0.9000     45.0    -45.0  lcal         2    -0.9313    0.0000    +0.0238    0.0000      1
REF_1612-28                 5316  closepack36          920.5     0.9000     45.0    -45.0  lcal         3    -0.3265    0.0000    -0.0066    0.0000      1
REF_1612-28                 5316  closepack36          920.5     0.9000     45.0    -45.0  lcal         4    -0.1559    0.0000    +0.0138    0.0000      1
REF_1612-28                 5316  closepack36          920.5     0.9000     45.0    -45.0  lcal         5    -1.1916    0.0000    -0.0294    0.0000      1
REF_1612-28                 5316  closepack36          920.5     0.9000     45.0    -45.0  lcal         6    -0.6740    0.0000    +0.0997    0.0000      1
REF_1612-28                 5316  closepack36          920.5     0.9000     45.0    -45.0  lcal         7    -0.4878    0.0000    +0.1241    0.0000      1
REF_1612-28                 5316  closepack36          920.5     0.9000     45.0    -45.0  lcal         8    -0.1530    0.0000    +0.0614    0.0000      1
REF_1612-28                 5316  closepack36          920.5     0.9000     45.0    -45.0  lcal         9    -1.0757    0.0000    -0.0260    0.0000      1
REF_1612-28                 5316  closepack36          920.5     0.9000     45.0    -45.0  lcal        10    -0.6790    0.0000    -0.0357    0.0000      1
REF_1612-28                 5316  closepack36          920.5     0.9000     45.0    -45.0  lcal        11    -1.0393    0.0000    -0.0743    0.0000      1
REF_1612-28                 5316  closepack36          920.5     0.9000     45.0    -45.0  lcal        12    -1.2442    0.0000    +0.0625    0.0000      1
REF_1612-28                 5316  closepack36          920.5     0.9000     45.0    -45.0  lcal        13    -0.7167    0.0000    +0.1521    0.0000      1
REF_1612-28                 5316  closepack36          920.5     0.9000     45.0    -45.0  lcal        14    -0.9356    0.0000    +0.2781    0.0000      1
REF_1612-28                 5316  closepack36          920.5     0.9000     45.0    -45.0  lcal        15    -2.2718    0.0000    +0.1278    0.0000      1
REF_1612-28                 5316  closepack36          920.5     0.9000     45.0    -45.0  lcal        16    -0.3396    0.0000    -0.0487    0.0000      1
REF_1612-28                 5316  closepack36          920.5     0.9000     45.0    -45.0  lcal        17    +1.0464    0.0000    -0.0674    0.0000      1
REF_1612-28                 5316  closepack36          920.5     0.9000     45.0    -45.0  lcal        18    +0.6040    0.0000    +0.0465    0.0000      1
REF_1612-28                 5316  closepack36          920.5     0.9000     45.0    -45.0  lcal        19    +0.2465    0.0000    +0.1396    0.0000      1
REF_1612-28                 5316  closepack36          920.5     0.9000     45.0    -45.0  lcal        20    -0.3249    0.0000    +0.1370    0.0000      1
REF_1612-28                 5316  closepack36          920.5     0.9000     45.0    -45.0  lcal        21    -0.3463    0.0000    +0.0108    0.0000      1
REF_1612-28                 5316  closepack36          920.5     0.9000     45.0    -45.0  lcal        22    +0.8238    0.0000    -0.0278    0.0000      1
REF_1612-28                 5316  closepack36          920.5     0.9000     45.0    -45.0  lcal        23    +1.1905    0.0000    -0.0816    0.0000      1
REF_1612-28                 5316  closepack36          920.5     0.9000     45.0    -45.0  lcal        24    -0.1636    0.0000    -0.0254    0.0000      1
REF_1612-28                 5316  closepack36          920.5     0.9000     45.0    -45.0  lcal        25    -0.2518    0.0000    -0.0176    0.0000      1
REF_1612-28                 5316  closepack36          920.5     0.9000     45.0    -45.0  lcal        26    -0.8539    0.0000    +0.0026    0.0000      1
REF_1612-28                 5316  closepack36          920.5     0.9000     45.0    -45.0  lcal        27    -0.1572    0.0000    -0.0231    0.0000      1
REF_1612-28                 5316  closepack36          920.5     0.9000     45.0    -45.0  lcal        28    -0.9133    0.0000    -0.0354    0.0000      1
REF_1612-28                 5316  closepack36          920.5     0.9000     45.0    -45.0  lcal        29    +1.2539    0.0000    -0.0510    0.0000      1
REF_1612-28                 5316  closepack36          920.5     0.9000     45.0    -45.0  lcal        30    +0.8922    0.0000    -0.2224    0.0000      1
REF_1612-28                 5316  closepack36          920.5     0.9000     45.0    -45.0  lcal        31    -0.3392    0.0000    -0.0721    0.0000      1
REF_1612-28                 5316  closepack36          920.5     0.9000     45.0    -45.0  lcal        32    -0.5546    0.0000    -0.0573    0.0000      1
REF_1612-28                 5316  closepack36          920.5     0.9000     45.0    -45.0  lcal        33    -2.0682    0.0000    -0.0324    0.0000      1
REF_1612-28                 5316  closepack36          920.5     0.9000     45.0    -45.0  lcal        34    -2.1609    0.0000    -0.0684    0.0000      1
REF_1612-28                 5316  closepack36          920.5     0.9000     45.0    -45.0  lcal        35    +1.0132    0.0000    -0.2045    0.0000      1

REF_1900-28                 5316  closepack36          920.5     0.9000     45.0    -45.0  bpcal        0    +0.8573    0.0002    -1.6543    0.0115      2
REF_1900-28                 5316  closepack36          920.5     0.9000     45.0    -45.0  bpcal        1    +0.4048    0.1248    +0.2828    0.0069      2
REF_1900-28                 5316  closepack36          920.5     0.9000     45.0    -45.0  bpcal        2    +0.6500    0.1615    -0.1058    0.0245      2
REF_1900-28                 5316  closepack36          920.5     0.9000     45.0    -45.0  bpcal        3    +0.6943    0.1188    +0.2757    0.0345      2
REF_1900-28                 5316  closepack36          920.5     0.9000     45.0    -45.0  bpcal        4    -0.6760    0.1345    +0.4012    0.0090      2
REF_1900-28                 5316  closepack36          920.5     0.9000     45.0    -45.0  bpcal        5    +0.4600    0.0429    +0.5369    0.0180      2
REF_1900-28                 5316  closepack36          920.5     0.9000     45.0    -45.0  bpcal        6    +0.9226    0.0243    +0.0944    0.0037      2
REF_1900-28                 5316  closepack36          920.5     0.9000     45.0    -45.0  bpcal        7    +0.2311    0.2727    -0.4913    0.0096      2
REF_1900-28                 5316  closepack36          920.5     0.9000     45.0    -45.0  bpcal        8    +0.4671    0.0489    +0.1029    0.0454      2
REF_1900-28                 5316  closepack36          920.5     0.9000     45.0    -45.0  bpcal        9    +0.0469    0.0718    +0.4169    0.0372      2
REF_1900-28                 5316  closepack36          920.5     0.9000     45.0    -45.0  bpcal       10    -0.2714    0.0194    +0.5817    0.0056      2
REF_1900-28                 5316  closepack36          920.5     0.9000     45.0    -45.0  bpcal       11    +0.0009    0.1616    +0.2361    0.0073      2
REF_1900-28                 5316  closepack36          920.5     0.9000     45.0    -45.0  bpcal       12    +0.4741    0.2274    +0.0819    0.0120      2
REF_1900-28                 5316  closepack36          920.5     0.9000     45.0    -45.0  bpcal       13    +1.1398    0.0433    +0.0090    0.0304      2
REF_1900-28                 5316  closepack36          920.5     0.9000     45.0    -45.0  bpcal       14    +0.1996    0.0023    +0.4001    0.0279      2
REF_1900-28                 5316  closepack36          920.5     0.9000     45.0    -45.0  bpcal       15    +1.5917    0.0725    +0.0097    0.0392      2
REF_1900-28                 5316  closepack36          920.5     0.9000     45.0    -45.0  bpcal       16    +0.3906    0.0659    +0.1547    0.0233      2
REF_1900-28                 5316  closepack36          920.5     0.9000     45.0    -45.0  bpcal       17    -0.1633    0.0677    -0.1361    0.0148      2
REF_1900-28                 5316  closepack36          920.5     0.9000     45.0    -45.0  bpcal       18    +0.3191    0.2026    +0.1317    0.0028      2
REF_1900-28                 5316  closepack36          920.5     0.9000     45.0    -45.0  bpcal       19    -0.2274    0.1192    +0.3880    0.0646      2
REF_1900-28                 5316  closepack36          920.5     0.9000     45.0    -45.0  bpcal       20    +1.3609    0.1687    -0.0549    0.0448      2
REF_1900-28                 5316  closepack36          920.5     0.9000     45.0    -45.0  bpcal       21    +2.0386    0.0328    -0.1340    0.0269      2
REF_1900-28                 5316  closepack36          920.5     0.9000     45.0    -45.0  bpcal       22    +0.1918    0.1440    -0.3412    0.0125      2
REF_1900-28                 5316  closepack36          920.5     0.9000     45.0    -45.0  bpcal       23    +1.4405    0.3315    -0.1884    0.0029      2
REF_1900-28                 5316  closepack36          920.5     0.9000     45.0    -45.0  bpcal       24    +0.3990    0.1006    +0.3045    0.0047      2
REF_1900-28                 5316  closepack36          920.5     0.9000     45.0    -45.0  bpcal       25    -0.3877    0.0192    +0.3506    0.0018      2
REF_1900-28                 5316  closepack36          920.5     0.9000     45.0    -45.0  bpcal       26    +0.4800    0.2355    +0.2302    0.0239      2
REF_1900-28                 5316  closepack36          920.5     0.9000     45.0    -45.0  bpcal       27    +1.9082    0.1777    -0.1853    0.0132      2
REF_1900-28                 5316  closepack36          920.5     0.9000     45.0    -45.0  bpcal       28    +1.3832    0.1170    -0.7119    0.0105      2
REF_1900-28                 5316  closepack36          920.5     0.9000     45.0    -45.0  bpcal       29    +0.4890    0.3794    -0.0542    0.0074      2
REF_1900-28                 5316  closepack36          920.5     0.9000     45.0    -45.0  bpcal       30    -0.2445    0.1024    +0.3442    0.0075      2
REF_1900-28                 5316  closepack36          920.5     0.9000     45.0    -45.0  bpcal       31    +0.2982    0.0373    +0.0660    0.0271      2
REF_1900-28                 5316  closepack36          920.5     0.9000     45.0    -45.0  bpcal       32    +1.1387    0.0334    -0.0075    0.0232      2
REF_1900-28                 5316  closepack36          920.5     0.9000     45.0    -45.0  bpcal       33    +1.2333    0.4105    -0.3068    0.0075      2
REF_1900-28                 5316  closepack36          920.5     0.9000     45.0    -45.0  bpcal       34    +0.4617    0.1465    +0.0967    0.0099      2
REF_1900-28                 5316  closepack36          920.5     0.9000     45.0    -45.0  bpcal       35    -0.0352    0.0588    -1.5821    0.0200      2

REF_1900-28                 5316  closepack36          920.5     0.9000     45.0    -45.0  lcal         0    +0.9055    0.0225    +0.2536    0.0167      2
REF_1900-28                 5316  closepack36          920.5     0.9000     45.0    -45.0  lcal         1    +0.4197    0.1551    +0.0640    0.0095      2
REF_1900-28                 5316  closepack36          920.5     0.9000     45.0    -45.0  lcal         2    +0.6875    0.1348    +0.0360    0.0108      2
REF_1900-28                 5316  closepack36          920.5     0.9000     45.0    -45.0  lcal         3    +0.7188    0.1448    -0.0049    0.0053      2
REF_1900-28                 5316  closepack36          920.5     0.9000     45.0    -45.0  lcal         4    -0.6961    0.1588    +0.0026    0.0043      2
REF_1900-28                 5316  closepack36          920.5     0.9000     45.0    -45.0  lcal         5    +0.4608    0.0175    -0.0851    0.0254      2
REF_1900-28                 5316  closepack36          920.5     0.9000     45.0    -45.0  lcal         6    +0.9353    0.0038    +0.1084    0.0005      2
REF_1900-28                 5316  closepack36          920.5     0.9000     45.0    -45.0  lcal         7    +0.2472    0.2909    +0.1230    0.0040      2
REF_1900-28                 5316  closepack36          920.5     0.9000     45.0    -45.0  lcal         8    +0.4725    0.0722    +0.0735    0.0389      2
REF_1900-28                 5316  closepack36          920.5     0.9000     45.0    -45.0  lcal         9    +0.0303    0.1058    -0.0299    0.0187      2
REF_1900-28                 5316  closepack36          920.5     0.9000     45.0    -45.0  lcal        10    -0.2868    0.0117    -0.0556    0.0055      2
REF_1900-28                 5316  closepack36          920.5     0.9000     45.0    -45.0  lcal        11    +0.0229    0.1665    -0.1260    0.0051      2
REF_1900-28                 5316  closepack36          920.5     0.9000     45.0    -45.0  lcal        12    +0.4988    0.2242    +0.0996    0.0033      2
REF_1900-28                 5316  closepack36          920.5     0.9000     45.0    -45.0  lcal        13    +1.1381    0.0759    +0.1946    0.0267      2
REF_1900-28                 5316  closepack36          920.5     0.9000     45.0    -45.0  lcal        14    +0.2198    0.0191    +0.3172    0.0107      2
REF_1900-28                 5316  closepack36          920.5     0.9000     45.0    -45.0  lcal        15    +1.5934    0.0812    +0.0528    0.0108      2
REF_1900-28                 5316  closepack36          920.5     0.9000     45.0    -45.0  lcal        16    +0.3727    0.0590    -0.0676    0.0040      2
REF_1900-28                 5316  closepack36          920.5     0.9000     45.0    -45.0  lcal        17    -0.1815    0.0520    -0.0887    0.0073      2
REF_1900-28                 5316  closepack36          920.5     0.9000     45.0    -45.0  lcal        18    +0.3226    0.1995    +0.0596    0.0009      2
REF_1900-28                 5316  closepack36          920.5     0.9000     45.0    -45.0  lcal        19    -0.2029    0.1322    +0.1308    0.0327      2
REF_1900-28                 5316  closepack36          920.5     0.9000     45.0    -45.0  lcal        20    +1.3654    0.1496    +0.0961    0.0339      2
REF_1900-28                 5316  closepack36          920.5     0.9000     45.0    -45.0  lcal        21    +2.0255    0.0414    -0.0346    0.0055      2
REF_1900-28                 5316  closepack36          920.5     0.9000     45.0    -45.0  lcal        22    +0.1670    0.1282    -0.0566    0.0019      2
REF_1900-28                 5316  closepack36          920.5     0.9000     45.0    -45.0  lcal        23    +1.4338    0.3342    -0.0957    0.0185      2
REF_1900-28                 5316  closepack36          920.5     0.9000     45.0    -45.0  lcal        24    +0.4009    0.1015    +0.0208    0.0049      2
REF_1900-28                 5316  closepack36          920.5     0.9000     45.0    -45.0  lcal        25    -0.3886    0.0234    +0.0101    0.0058      2
REF_1900-28                 5316  closepack36          920.5     0.9000     45.0    -45.0  lcal        26    +0.4747    0.2320    -0.0068    0.0069      2
REF_1900-28                 5316  closepack36          920.5     0.9000     45.0    -45.0  lcal        27    +1.9079    0.1655    -0.0303    0.0128      2
REF_1900-28                 5316  closepack36          920.5     0.9000     45.0    -45.0  lcal        28    +1.3626    0.1059    -0.0080    0.0065      2
REF_1900-28                 5316  closepack36          920.5     0.9000     45.0    -45.0  lcal        29    +0.4874    0.3828    -0.0788    0.0011      2
REF_1900-28                 5316  closepack36          920.5     0.9000     45.0    -45.0  lcal        30    -0.2317    0.1006    -0.1926    0.0231      2
REF_1900-28                 5316  closepack36          920.5     0.9000     45.0    -45.0  lcal        31    +0.2943    0.0482    -0.0711    0.0073      2
REF_1900-28                 5316  closepack36          920.5     0.9000     45.0    -45.0  lcal        32    +1.1277    0.0484    -0.0595    0.0167      2
REF_1900-28                 5316  closepack36          920.5     0.9000     45.0    -45.0  lcal        33    +1.2208    0.3886    -0.0306    0.0035      2
REF_1900-28                 5316  closepack36          920.5     0.9000     45.0    -45.0  lcal        34    +0.4567    0.1460    -0.0803    0.0016      2
REF_1900-28                 5316  closepack36          920.5     0.9000     45.0    -45.0  lcal        35    -0.0426    0.0369    -0.2864    0.0013      2

